Taxon	H18676	1417.16	H19192	602.16	H18266	H18112	H19465A	1153.13	H19457A	1303.15	H657.17	H19259	1331.14	H19521A	H18788A	H192472A	1553.15	H19485A	H18398	950.13	H18910	1066.13	H18442	1069.14	H19142	H15.17	H617.17	H18362	888.16	1637.15	H19497A	H18128	1388.15	725.16	H18421	H18696	1134.15	H18388	1624.12	1093.13	H18786A	H13.17	250.16	H420.17	H18816	H658.17	H456.17	1097.16	H18199	H18122	1017.16	H17666A	H17432A	H694.17	H18689A	505.16	H19368	945.13	1045.16	H18828	125.13	172.14	100.16	783.16	H321.17	H18183	1095.16	H1866.18	H19261	H19556A	H18223	H18433	1948.15	856.16	727.16	H470.17	1714.14	H18108	H18598	H315.17	H1892.18	H18335	1659.14	788.16	H18.38	H19238	1529.16	421.13
Bacteria;Acidobacteria;Holophagae;Other;Other	0.0	0.0	0.0	0.0	0.0	0.0	0.0	0.0	0.0	0.0	0.0	0.0	0.0	34.0	0.0	0.0	0.0	0.0	0.0	0.0	0.0	0.0	0.0	0.0	0.0	0.0	0.0	0.0	0.0	0.0	0.0	0.0	0.0	0.0	0.0	0.0	0.0	0.0	0.0	0.0	0.0	0.0	0.0	0.0	0.0	0.0	0.0	0.0	0.0	0.0	0.0	0.0	0.0	0.0	0.0	0.0	0.0	0.0	0.0	0.0	0.0	0.0	0.0	0.0	0.0	0.0	0.0	0.0	0.0	0.0	0.0	0.0	0.0	0.0	0.0	0.0	0.0	0.0	0.0	0.0	0.0	0.0	0.0	0.0	0.0	0.0	0.0	7.0
Bacteria;Acidobacteria;Other;Other;Other	0.0	88.0	0.0	0.0	0.0	0.0	0.0	0.0	0.0	0.0	0.0	0.0	0.0	39.0	0.0	0.0	0.0	0.0	0.0	0.0	0.0	0.0	0.0	0.0	0.0	0.0	0.0	0.0	0.0	0.0	0.0	0.0	0.0	0.0	0.0	0.0	0.0	160.0	0.0	0.0	8.0	0.0	33.0	0.0	0.0	0.0	0.0	0.0	0.0	0.0	0.0	0.0	0.0	0.0	49.0	0.0	0.0	0.0	0.0	0.0	0.0	0.0	0.0	0.0	0.0	0.0	0.0	0.0	0.0	0.0	0.0	0.0	0.0	0.0	0.0	0.0	0.0	0.0	0.0	0.0	0.0	0.0	0.0	0.0	0.0	0.0	0.0	0.0
Bacteria;Acidobacteria;Unclassified;Unclassified;Unclassified	0.0	0.0	0.0	0.0	0.0	0.0	0.0	0.0	0.0	0.0	0.0	0.0	0.0	0.0	100.0	0.0	0.0	0.0	0.0	0.0	0.0	0.0	0.0	0.0	128.0	0.0	0.0	0.0	0.0	0.0	0.0	0.0	0.0	0.0	0.0	0.0	0.0	178.0	0.0	0.0	0.0	0.0	0.0	0.0	0.0	0.0	0.0	0.0	0.0	0.0	0.0	0.0	109.0	0.0	0.0	0.0	0.0	0.0	0.0	0.0	0.0	0.0	0.0	0.0	0.0	0.0	0.0	82.0	3.0	0.0	0.0	0.0	0.0	0.0	0.0	0.0	0.0	0.0	0.0	0.0	0.0	0.0	0.0	0.0	40.0	0.0	0.0	0.0
Bacteria;Actinobacteria;Actinobacteria;Acidimicrobiales;Acidimicrobiaceae	0.0	0.0	0.0	0.0	0.0	0.0	0.0	0.0	1.0	0.0	0.0	0.0	3.0	80.0	0.0	0.0	0.0	0.0	0.0	0.0	0.0	0.0	0.0	65.0	0.0	0.0	35.0	0.0	0.0	0.0	0.0	0.0	0.0	0.0	0.0	0.0	0.0	0.0	0.0	0.0	26.0	0.0	0.0	0.0	0.0	0.0	0.0	0.0	0.0	0.0	0.0	0.0	0.0	0.0	0.0	0.0	0.0	0.0	0.0	0.0	0.0	0.0	0.0	0.0	0.0	0.0	0.0	0.0	0.0	0.0	0.0	0.0	0.0	0.0	0.0	0.0	0.0	0.0	0.0	0.0	0.0	0.0	0.0	0.0	0.0	0.0	0.0	0.0
Bacteria;Actinobacteria;Actinobacteria;Acidimicrobiales;Iamiaceae	0.0	0.0	0.0	0.0	0.0	0.0	0.0	0.0	0.0	0.0	0.0	0.0	0.0	0.0	0.0	0.0	1.0	0.0	0.0	0.0	0.0	0.0	0.0	0.0	0.0	0.0	0.0	0.0	0.0	0.0	0.0	0.0	0.0	0.0	0.0	0.0	0.0	0.0	0.0	0.0	33.0	0.0	0.0	0.0	0.0	0.0	0.0	0.0	0.0	0.0	0.0	0.0	0.0	0.0	0.0	0.0	0.0	0.0	0.0	0.0	0.0	0.0	0.0	0.0	0.0	0.0	0.0	0.0	1.0	0.0	0.0	0.0	0.0	0.0	0.0	0.0	0.0	0.0	0.0	0.0	0.0	0.0	0.0	0.0	0.0	0.0	0.0	0.0
Bacteria;Actinobacteria;Actinobacteria;Acidimicrobiales;Other	0.0	0.0	0.0	0.0	0.0	0.0	0.0	0.0	0.0	0.0	0.0	0.0	0.0	132.0	0.0	0.0	0.0	0.0	0.0	0.0	0.0	0.0	0.0	0.0	0.0	118.0	0.0	0.0	0.0	0.0	0.0	0.0	0.0	0.0	0.0	0.0	0.0	34.0	1.0	0.0	0.0	0.0	0.0	0.0	0.0	0.0	0.0	0.0	0.0	0.0	0.0	50.0	0.0	0.0	0.0	0.0	0.0	0.0	0.0	0.0	0.0	2.0	0.0	0.0	0.0	0.0	0.0	0.0	0.0	0.0	0.0	1.0	0.0	0.0	0.0	0.0	0.0	0.0	0.0	0.0	0.0	0.0	0.0	0.0	0.0	0.0	4.0	0.0
Bacteria;Actinobacteria;Actinobacteria;Actinomycetales;Actinomycetaceae	0.0	0.0	25.0	121.0	0.0	203.0	0.0	23.0	0.0	0.0	0.0	12.0	0.0	11.0	0.0	0.0	30.0	0.0	72.0	0.0	32.0	0.0	0.0	51.0	0.0	0.0	0.0	17.0	72.0	230.0	110.0	0.0	0.0	14.0	88.0	0.0	0.0	0.0	0.0	2.0	6.0	271.0	12.0	1.0	0.0	1.0	1.0	136.0	21.0	1.0	0.0	12.0	0.0	0.0	128.0	62.0	33.0	1.0	67.0	0.0	7.0	4.0	0.0	0.0	1.0	0.0	32.0	1.0	16.0	4.0	0.0	0.0	0.0	0.0	0.0	0.0	0.0	0.0	0.0	0.0	1.0	391.0	23.0	0.0	177.0	0.0	229.0	0.0
Bacteria;Actinobacteria;Actinobacteria;Bifidobacteriales;Bifidobacteriaceae	1785.0	1487.0	1273.0	2761.0	188.0	29.0	801.0	961.0	1856.0	2547.0	78.0	196.0	215.0	1611.0	647.0	1857.0	1006.0	2750.0	1119.0	570.0	1169.0	1038.0	329.0	2002.0	1343.0	241.0	1256.0	888.0	2135.0	1596.0	645.0	1251.0	1401.0	2666.0	255.0	745.0	1622.0	392.0	1600.0	1105.0	868.0	1004.0	1135.0	1093.0	503.0	660.0	746.0	1481.0	1221.0	208.0	1109.0	333.0	800.0	1045.0	698.0	919.0	637.0	1314.0	1414.0	950.0	119.0	4299.0	775.0	1791.0	1135.0	546.0	1878.0	224.0	1810.0	738.0	373.0	306.0	1569.0	3602.0	1565.0	233.0	688.0	242.0	774.0	2375.0	1655.0	585.0	1417.0	1336.0	1285.0	47.0	1694.0	716.0
Bacteria;Actinobacteria;Actinobacteria;Coriobacteriales;Coriobacteriaceae	2770.0	577.0	29.0	1011.0	1217.0	871.0	119.0	1405.0	262.0	1146.0	112.0	144.0	264.0	1818.0	77.0	8.0	629.0	1636.0	674.0	1590.0	500.0	1518.0	238.0	2829.0	747.0	607.0	1213.0	881.0	1479.0	866.0	238.0	1726.0	1942.0	3011.0	406.0	344.0	802.0	1904.0	2512.0	81.0	677.0	537.0	1359.0	2706.0	611.0	615.0	1273.0	1304.0	1006.0	213.0	1061.0	346.0	169.0	2190.0	801.0	698.0	327.0	1676.0	607.0	1469.0	283.0	1566.0	1974.0	564.0	565.0	538.0	703.0	170.0	557.0	779.0	1110.0	597.0	1525.0	2453.0	1240.0	2039.0	554.0	17.0	550.0	3791.0	1255.0	1087.0	739.0	873.0	2032.0	341.0	1371.0	292.0
Bacteria;Actinobacteria;Actinobacteria;Other;Other	0.0	294.0	0.0	0.0	174.0	0.0	1.0	0.0	0.0	0.0	0.0	0.0	8.0	8.0	0.0	0.0	0.0	0.0	0.0	0.0	0.0	0.0	235.0	0.0	0.0	0.0	0.0	0.0	0.0	0.0	0.0	0.0	0.0	0.0	0.0	0.0	0.0	0.0	1.0	0.0	58.0	0.0	0.0	0.0	2.0	0.0	157.0	1.0	0.0	0.0	43.0	0.0	0.0	75.0	0.0	0.0	0.0	0.0	0.0	0.0	0.0	0.0	0.0	0.0	0.0	0.0	0.0	0.0	0.0	1.0	3.0	301.0	34.0	29.0	0.0	0.0	0.0	2.0	237.0	0.0	0.0	0.0	0.0	1.0	0.0	0.0	0.0	0.0
Bacteria;Actinobacteria;Actinobacteria;Solirubrobacterales;Other	0.0	0.0	0.0	0.0	1.0	0.0	0.0	0.0	0.0	0.0	7.0	0.0	6.0	0.0	0.0	0.0	0.0	1.0	0.0	0.0	0.0	0.0	0.0	0.0	0.0	0.0	0.0	0.0	0.0	0.0	0.0	0.0	0.0	69.0	0.0	0.0	0.0	0.0	0.0	0.0	3.0	0.0	0.0	0.0	0.0	0.0	0.0	0.0	0.0	0.0	5.0	0.0	0.0	0.0	8.0	0.0	0.0	0.0	0.0	0.0	0.0	0.0	0.0	0.0	0.0	0.0	0.0	0.0	3.0	0.0	0.0	0.0	0.0	0.0	0.0	0.0	0.0	604.0	0.0	0.0	0.0	0.0	0.0	0.0	0.0	506.0	0.0	0.0
Bacteria;Actinobacteria;Actinobacteria;Solirubrobacterales;Patulibacteraceae	0.0	88.0	0.0	0.0	0.0	0.0	0.0	0.0	0.0	0.0	0.0	0.0	0.0	0.0	0.0	206.0	0.0	0.0	0.0	0.0	0.0	0.0	0.0	0.0	0.0	0.0	0.0	0.0	0.0	0.0	0.0	0.0	0.0	0.0	0.0	0.0	0.0	0.0	0.0	0.0	0.0	0.0	0.0	26.0	0.0	0.0	0.0	0.0	0.0	0.0	0.0	0.0	0.0	0.0	0.0	0.0	0.0	0.0	0.0	0.0	0.0	0.0	0.0	0.0	0.0	0.0	0.0	0.0	0.0	0.0	0.0	0.0	2.0	0.0	0.0	0.0	0.0	0.0	0.0	0.0	0.0	0.0	0.0	0.0	0.0	0.0	0.0	0.0
Bacteria;Actinobacteria;Actinobacteria;Solirubrobacterales;Solirubrobacteraceae	0.0	0.0	0.0	0.0	0.0	0.0	0.0	0.0	0.0	0.0	0.0	0.0	0.0	0.0	0.0	0.0	0.0	0.0	0.0	0.0	0.0	0.0	0.0	0.0	0.0	0.0	0.0	0.0	0.0	0.0	0.0	0.0	0.0	0.0	0.0	0.0	0.0	0.0	0.0	0.0	0.0	0.0	0.0	0.0	0.0	0.0	0.0	0.0	0.0	0.0	0.0	0.0	0.0	0.0	0.0	0.0	0.0	0.0	0.0	0.0	0.0	0.0	0.0	0.0	0.0	0.0	0.0	28.0	0.0	0.0	0.0	0.0	0.0	0.0	0.0	0.0	0.0	0.0	0.0	0.0	0.0	0.0	0.0	0.0	0.0	0.0	0.0	0.0
Bacteria;Actinobacteria;Actinobacteria;Unclassified;Brevibacteriaceae	0.0	0.0	0.0	0.0	0.0	0.0	0.0	0.0	0.0	0.0	0.0	0.0	3.0	0.0	55.0	0.0	0.0	0.0	0.0	1.0	0.0	0.0	0.0	0.0	0.0	1.0	0.0	0.0	0.0	0.0	86.0	0.0	2.0	0.0	3.0	0.0	0.0	0.0	0.0	0.0	1.0	0.0	0.0	0.0	0.0	0.0	0.0	0.0	0.0	0.0	0.0	0.0	0.0	0.0	0.0	0.0	0.0	0.0	0.0	0.0	0.0	1.0	0.0	0.0	0.0	0.0	0.0	0.0	0.0	138.0	0.0	0.0	0.0	103.0	23.0	0.0	0.0	0.0	0.0	0.0	0.0	0.0	184.0	3.0	0.0	0.0	0.0	0.0
Bacteria;Actinobacteria;Actinobacteria;Unclassified;Cellulomonadaceae	0.0	0.0	0.0	0.0	0.0	0.0	0.0	0.0	0.0	0.0	0.0	0.0	0.0	0.0	0.0	0.0	0.0	0.0	0.0	0.0	0.0	0.0	0.0	0.0	0.0	0.0	0.0	0.0	0.0	0.0	0.0	1.0	0.0	0.0	0.0	0.0	0.0	0.0	0.0	0.0	0.0	0.0	0.0	0.0	0.0	0.0	0.0	0.0	0.0	0.0	0.0	0.0	0.0	0.0	0.0	0.0	0.0	0.0	0.0	0.0	0.0	0.0	0.0	53.0	0.0	0.0	0.0	0.0	0.0	0.0	0.0	0.0	0.0	0.0	0.0	0.0	0.0	0.0	0.0	0.0	0.0	0.0	0.0	0.0	0.0	0.0	0.0	0.0
Bacteria;Actinobacteria;Actinobacteria;Unclassified;Corynebacteriaceae	0.0	22.0	197.0	65.0	1.0	113.0	127.0	15.0	16.0	0.0	0.0	1.0	11.0	0.0	9.0	0.0	46.0	133.0	0.0	4.0	0.0	25.0	0.0	1.0	0.0	0.0	0.0	0.0	2.0	1.0	36.0	227.0	18.0	175.0	34.0	0.0	118.0	3.0	0.0	743.0	19.0	55.0	7.0	0.0	46.0	55.0	0.0	0.0	2.0	320.0	0.0	4.0	178.0	146.0	438.0	0.0	1.0	0.0	44.0	0.0	47.0	12.0	1.0	52.0	0.0	583.0	1.0	67.0	0.0	126.0	95.0	0.0	7.0	0.0	27.0	128.0	91.0	1577.0	17.0	0.0	0.0	0.0	0.0	187.0	0.0	0.0	0.0	0.0
Bacteria;Actinobacteria;Actinobacteria;Unclassified;Dermabacteraceae	0.0	0.0	0.0	0.0	0.0	0.0	0.0	0.0	0.0	0.0	0.0	0.0	129.0	0.0	0.0	0.0	31.0	0.0	1.0	0.0	0.0	0.0	0.0	60.0	0.0	0.0	0.0	0.0	1.0	0.0	0.0	0.0	0.0	0.0	0.0	0.0	0.0	0.0	0.0	0.0	0.0	0.0	0.0	0.0	188.0	0.0	0.0	0.0	0.0	54.0	42.0	0.0	0.0	0.0	0.0	0.0	0.0	0.0	0.0	0.0	0.0	0.0	0.0	0.0	0.0	0.0	1.0	1.0	0.0	0.0	0.0	0.0	0.0	0.0	0.0	0.0	0.0	0.0	0.0	0.0	0.0	0.0	26.0	0.0	0.0	0.0	0.0	0.0
Bacteria;Actinobacteria;Actinobacteria;Unclassified;Dermacoccaceae	53.0	0.0	0.0	0.0	0.0	0.0	0.0	0.0	0.0	0.0	0.0	0.0	0.0	74.0	0.0	0.0	0.0	0.0	0.0	0.0	0.0	0.0	0.0	0.0	0.0	0.0	0.0	0.0	0.0	0.0	1.0	0.0	0.0	0.0	0.0	0.0	0.0	0.0	1.0	0.0	0.0	0.0	0.0	0.0	0.0	0.0	0.0	311.0	0.0	0.0	0.0	0.0	0.0	0.0	0.0	0.0	0.0	1.0	0.0	0.0	0.0	0.0	32.0	0.0	0.0	0.0	0.0	0.0	0.0	0.0	0.0	0.0	0.0	0.0	0.0	0.0	0.0	0.0	0.0	0.0	0.0	0.0	77.0	0.0	0.0	0.0	4.0	0.0
Bacteria;Actinobacteria;Actinobacteria;Unclassified;Dietziaceae	0.0	0.0	0.0	0.0	0.0	0.0	0.0	0.0	0.0	0.0	0.0	0.0	0.0	77.0	0.0	18.0	0.0	0.0	0.0	0.0	0.0	0.0	0.0	0.0	0.0	0.0	0.0	0.0	0.0	0.0	0.0	0.0	0.0	0.0	0.0	0.0	0.0	121.0	1.0	0.0	0.0	0.0	0.0	0.0	0.0	0.0	0.0	0.0	0.0	0.0	0.0	11.0	0.0	0.0	0.0	0.0	0.0	63.0	0.0	0.0	0.0	0.0	0.0	0.0	0.0	0.0	0.0	49.0	0.0	0.0	2.0	386.0	0.0	0.0	0.0	0.0	0.0	0.0	0.0	0.0	0.0	0.0	0.0	0.0	0.0	0.0	0.0	0.0
Bacteria;Actinobacteria;Actinobacteria;Unclassified;Geodermatophilaceae	0.0	0.0	0.0	0.0	0.0	0.0	0.0	0.0	0.0	0.0	0.0	0.0	1.0	0.0	0.0	0.0	0.0	0.0	0.0	0.0	0.0	0.0	0.0	0.0	0.0	0.0	0.0	0.0	0.0	0.0	0.0	0.0	0.0	0.0	0.0	0.0	0.0	0.0	0.0	0.0	0.0	0.0	0.0	0.0	0.0	0.0	55.0	0.0	0.0	0.0	0.0	0.0	0.0	0.0	0.0	0.0	0.0	0.0	0.0	0.0	1.0	0.0	0.0	99.0	48.0	0.0	0.0	0.0	0.0	0.0	0.0	0.0	0.0	0.0	0.0	0.0	0.0	0.0	0.0	0.0	0.0	1.0	0.0	0.0	0.0	0.0	0.0	0.0
Bacteria;Actinobacteria;Actinobacteria;Unclassified;Intrasporangiaceae	0.0	0.0	0.0	846.0	0.0	0.0	47.0	13.0	0.0	0.0	0.0	14.0	5.0	0.0	1.0	0.0	1.0	2.0	1.0	0.0	0.0	0.0	0.0	0.0	0.0	1.0	0.0	0.0	2.0	0.0	0.0	0.0	43.0	139.0	34.0	0.0	4.0	0.0	46.0	0.0	51.0	1.0	0.0	9.0	0.0	131.0	0.0	0.0	0.0	171.0	3.0	0.0	1.0	0.0	54.0	0.0	0.0	81.0	6.0	43.0	0.0	9.0	0.0	0.0	0.0	1.0	0.0	28.0	0.0	13.0	0.0	0.0	65.0	127.0	39.0	0.0	0.0	0.0	0.0	0.0	162.0	0.0	0.0	108.0	0.0	0.0	0.0	0.0
Bacteria;Actinobacteria;Actinobacteria;Unclassified;Kineosporiaceae	0.0	0.0	0.0	0.0	0.0	0.0	0.0	0.0	78.0	0.0	0.0	0.0	0.0	0.0	0.0	0.0	0.0	0.0	0.0	0.0	0.0	0.0	0.0	0.0	0.0	0.0	0.0	0.0	0.0	0.0	0.0	0.0	0.0	0.0	0.0	0.0	0.0	0.0	0.0	0.0	0.0	0.0	0.0	0.0	0.0	0.0	0.0	0.0	0.0	0.0	0.0	0.0	0.0	0.0	0.0	0.0	0.0	0.0	0.0	0.0	0.0	0.0	0.0	0.0	0.0	0.0	0.0	0.0	0.0	0.0	0.0	0.0	0.0	0.0	0.0	0.0	0.0	0.0	0.0	0.0	0.0	0.0	0.0	0.0	0.0	0.0	0.0	0.0
Bacteria;Actinobacteria;Actinobacteria;Unclassified;Microbacteriaceae	0.0	0.0	1.0	159.0	3.0	0.0	37.0	1.0	0.0	479.0	1.0	5.0	53.0	1.0	0.0	0.0	1.0	1.0	1.0	1.0	7.0	2.0	0.0	0.0	207.0	34.0	3.0	2.0	45.0	0.0	381.0	0.0	1.0	0.0	15.0	0.0	0.0	48.0	1.0	3.0	593.0	125.0	3.0	0.0	0.0	0.0	0.0	14.0	1.0	71.0	89.0	1.0	0.0	32.0	170.0	0.0	0.0	0.0	0.0	0.0	3.0	3.0	374.0	0.0	15.0	0.0	135.0	20.0	2.0	1.0	3.0	0.0	0.0	1.0	0.0	0.0	0.0	2.0	10.0	0.0	0.0	1.0	0.0	7.0	123.0	0.0	45.0	0.0
Bacteria;Actinobacteria;Actinobacteria;Unclassified;Micrococcaceae	0.0	362.0	3367.0	278.0	575.0	213.0	863.0	53.0	423.0	86.0	222.0	46.0	51.0	430.0	187.0	1160.0	240.0	974.0	264.0	585.0	273.0	141.0	82.0	352.0	740.0	84.0	378.0	176.0	266.0	0.0	596.0	300.0	100.0	520.0	62.0	90.0	49.0	490.0	166.0	420.0	125.0	75.0	60.0	142.0	682.0	690.0	213.0	182.0	30.0	238.0	381.0	2.0	613.0	2041.0	30.0	98.0	30.0	352.0	83.0	294.0	466.0	1.0	501.0	254.0	1232.0	181.0	146.0	770.0	46.0	207.0	411.0	222.0	229.0	215.0	36.0	679.0	29.0	522.0	391.0	169.0	50.0	491.0	1037.0	131.0	1266.0	374.0	124.0	382.0
Bacteria;Actinobacteria;Actinobacteria;Unclassified;Micromonosporaceae	0.0	0.0	0.0	0.0	0.0	0.0	0.0	0.0	0.0	146.0	0.0	0.0	212.0	262.0	0.0	0.0	79.0	0.0	0.0	0.0	0.0	0.0	0.0	0.0	0.0	149.0	0.0	22.0	0.0	0.0	1.0	0.0	0.0	0.0	0.0	0.0	0.0	0.0	4.0	24.0	386.0	0.0	25.0	0.0	0.0	0.0	0.0	0.0	34.0	63.0	38.0	0.0	0.0	29.0	519.0	0.0	0.0	0.0	0.0	0.0	208.0	0.0	0.0	0.0	1.0	1.0	0.0	1.0	5.0	0.0	0.0	1.0	0.0	0.0	0.0	0.0	0.0	0.0	0.0	0.0	0.0	0.0	0.0	110.0	0.0	0.0	245.0	0.0
Bacteria;Actinobacteria;Actinobacteria;Unclassified;Mycobacteriaceae	0.0	0.0	0.0	88.0	0.0	0.0	4.0	61.0	96.0	0.0	0.0	0.0	86.0	0.0	73.0	0.0	26.0	0.0	0.0	0.0	0.0	61.0	3.0	0.0	0.0	0.0	180.0	77.0	13.0	1.0	0.0	117.0	0.0	7.0	11.0	0.0	0.0	0.0	0.0	0.0	46.0	0.0	2.0	0.0	0.0	0.0	22.0	6.0	0.0	0.0	64.0	0.0	0.0	1.0	43.0	89.0	16.0	0.0	0.0	0.0	1.0	1.0	0.0	95.0	0.0	0.0	0.0	0.0	0.0	31.0	0.0	0.0	0.0	32.0	0.0	0.0	1.0	526.0	72.0	0.0	0.0	0.0	1.0	0.0	0.0	382.0	0.0	314.0
Bacteria;Actinobacteria;Actinobacteria;Unclassified;Nakamurellaceae	0.0	0.0	0.0	0.0	0.0	0.0	0.0	0.0	0.0	0.0	0.0	0.0	0.0	0.0	0.0	0.0	0.0	0.0	0.0	0.0	0.0	0.0	0.0	0.0	0.0	0.0	0.0	0.0	0.0	0.0	0.0	0.0	0.0	0.0	0.0	0.0	0.0	0.0	0.0	0.0	0.0	0.0	0.0	0.0	0.0	56.0	0.0	0.0	0.0	0.0	0.0	0.0	1.0	0.0	0.0	0.0	0.0	0.0	0.0	0.0	0.0	0.0	0.0	0.0	0.0	0.0	0.0	0.0	0.0	0.0	0.0	0.0	0.0	0.0	0.0	0.0	0.0	0.0	0.0	0.0	0.0	0.0	0.0	0.0	0.0	0.0	0.0	0.0
Bacteria;Actinobacteria;Actinobacteria;Unclassified;Nocardiaceae	357.0	0.0	402.0	0.0	514.0	434.0	2.0	43.0	0.0	111.0	36.0	1.0	5.0	5.0	0.0	323.0	0.0	55.0	152.0	10.0	18.0	10.0	2.0	166.0	2.0	0.0	0.0	0.0	2.0	1.0	0.0	20.0	0.0	1.0	49.0	45.0	30.0	103.0	3.0	0.0	9.0	71.0	47.0	151.0	98.0	0.0	31.0	77.0	1.0	240.0	6.0	324.0	68.0	197.0	2.0	0.0	0.0	3.0	20.0	87.0	0.0	0.0	56.0	0.0	0.0	359.0	0.0	3.0	9.0	26.0	134.0	48.0	0.0	1.0	24.0	21.0	1.0	76.0	68.0	0.0	1.0	0.0	25.0	239.0	0.0	3.0	17.0	247.0
Bacteria;Actinobacteria;Actinobacteria;Unclassified;Nocardioidaceae	20.0	0.0	0.0	61.0	0.0	0.0	45.0	335.0	21.0	103.0	0.0	9.0	277.0	205.0	1.0	10.0	22.0	39.0	19.0	173.0	0.0	32.0	101.0	13.0	39.0	306.0	0.0	0.0	186.0	0.0	18.0	7.0	0.0	10.0	72.0	0.0	0.0	0.0	18.0	0.0	759.0	167.0	1.0	41.0	124.0	0.0	182.0	0.0	6.0	139.0	54.0	23.0	0.0	223.0	82.0	26.0	83.0	326.0	2.0	15.0	95.0	1.0	98.0	0.0	0.0	0.0	0.0	96.0	33.0	276.0	12.0	77.0	205.0	129.0	9.0	1.0	122.0	0.0	0.0	0.0	1.0	0.0	0.0	152.0	0.0	1.0	151.0	0.0
Bacteria;Actinobacteria;Actinobacteria;Unclassified;Nocardiopsaceae	0.0	26.0	153.0	0.0	0.0	0.0	52.0	65.0	0.0	127.0	0.0	4.0	421.0	10.0	0.0	0.0	2.0	1.0	0.0	34.0	0.0	0.0	62.0	0.0	2.0	2524.0	0.0	0.0	0.0	38.0	0.0	0.0	8.0	13.0	0.0	0.0	0.0	0.0	132.0	0.0	1204.0	9.0	0.0	0.0	0.0	0.0	0.0	0.0	1.0	0.0	0.0	114.0	0.0	0.0	446.0	0.0	10.0	176.0	0.0	88.0	0.0	0.0	0.0	1.0	0.0	0.0	0.0	1.0	11.0	0.0	0.0	9.0	0.0	0.0	14.0	0.0	0.0	0.0	0.0	0.0	0.0	258.0	0.0	0.0	63.0	0.0	152.0	0.0
Bacteria;Actinobacteria;Actinobacteria;Unclassified;Promicromonosporaceae	0.0	0.0	0.0	0.0	0.0	0.0	0.0	0.0	0.0	0.0	0.0	0.0	0.0	0.0	0.0	0.0	0.0	0.0	0.0	0.0	0.0	0.0	0.0	0.0	0.0	0.0	0.0	0.0	0.0	0.0	0.0	239.0	0.0	0.0	0.0	0.0	0.0	0.0	0.0	0.0	0.0	0.0	0.0	0.0	0.0	0.0	0.0	0.0	0.0	0.0	68.0	0.0	0.0	0.0	0.0	0.0	0.0	0.0	0.0	0.0	0.0	0.0	0.0	0.0	0.0	0.0	0.0	0.0	1.0	0.0	0.0	0.0	0.0	0.0	0.0	0.0	0.0	0.0	0.0	0.0	0.0	0.0	0.0	0.0	0.0	0.0	0.0	0.0
Bacteria;Actinobacteria;Actinobacteria;Unclassified;Propionibacteriaceae	8.0	4.0	0.0	1.0	0.0	4.0	2.0	10.0	0.0	1.0	5.0	0.0	0.0	9.0	3.0	2.0	18.0	7.0	3.0	28.0	0.0	1.0	1.0	4.0	13.0	0.0	0.0	0.0	0.0	0.0	0.0	18.0	4.0	9.0	1.0	10.0	24.0	10.0	0.0	2.0	12.0	6.0	2.0	17.0	0.0	20.0	8.0	1.0	2.0	2.0	2.0	0.0	10.0	4.0	3.0	0.0	0.0	1.0	0.0	14.0	8.0	2.0	27.0	14.0	26.0	1.0	0.0	5.0	0.0	10.0	1.0	2.0	5.0	5.0	2.0	7.0	0.0	18.0	0.0	0.0	0.0	1.0	0.0	2.0	40.0	0.0	5.0	21.0
Bacteria;Actinobacteria;Actinobacteria;Unclassified;Pseudonocardiaceae	62.0	0.0	0.0	0.0	0.0	0.0	0.0	0.0	0.0	23.0	0.0	4.0	284.0	0.0	1.0	0.0	1.0	24.0	2.0	0.0	0.0	40.0	0.0	0.0	28.0	15403.0	0.0	0.0	0.0	91.0	0.0	0.0	69.0	1.0	37.0	0.0	0.0	0.0	23.0	0.0	1027.0	191.0	0.0	115.0	2.0	0.0	525.0	3.0	20.0	48.0	56.0	0.0	0.0	143.0	316.0	9.0	5.0	120.0	0.0	0.0	0.0	40.0	131.0	0.0	0.0	1.0	107.0	6.0	13.0	0.0	0.0	83.0	161.0	0.0	8.0	0.0	0.0	0.0	0.0	0.0	78.0	0.0	0.0	31.0	0.0	0.0	82.0	0.0
Bacteria;Actinobacteria;Actinobacteria;Unclassified;Sporichthyaceae	0.0	0.0	0.0	0.0	0.0	0.0	0.0	0.0	0.0	0.0	0.0	0.0	0.0	0.0	0.0	0.0	0.0	0.0	0.0	0.0	0.0	0.0	0.0	0.0	0.0	0.0	0.0	0.0	0.0	0.0	0.0	0.0	0.0	24.0	0.0	0.0	0.0	0.0	0.0	0.0	0.0	0.0	0.0	0.0	0.0	0.0	0.0	0.0	0.0	0.0	0.0	0.0	0.0	0.0	0.0	0.0	0.0	0.0	0.0	0.0	0.0	0.0	0.0	0.0	0.0	0.0	0.0	0.0	0.0	0.0	0.0	0.0	0.0	0.0	0.0	0.0	0.0	0.0	0.0	0.0	0.0	0.0	0.0	0.0	0.0	0.0	0.0	0.0
Bacteria;Actinobacteria;Actinobacteria;Unclassified;Streptomycetaceae	0.0	33.0	0.0	0.0	192.0	0.0	0.0	0.0	0.0	0.0	0.0	0.0	24.0	0.0	1198.0	0.0	0.0	0.0	0.0	0.0	0.0	0.0	48.0	0.0	0.0	13.0	0.0	0.0	0.0	0.0	0.0	0.0	0.0	0.0	0.0	0.0	0.0	0.0	0.0	0.0	2.0	0.0	0.0	0.0	0.0	24.0	26.0	0.0	0.0	0.0	112.0	0.0	0.0	0.0	0.0	0.0	10.0	0.0	0.0	287.0	0.0	0.0	0.0	0.0	0.0	0.0	0.0	0.0	15.0	0.0	0.0	0.0	0.0	0.0	0.0	0.0	0.0	2.0	0.0	0.0	0.0	0.0	0.0	0.0	0.0	0.0	47.0	0.0
Bacteria;Actinobacteria;Actinobacteria;Unclassified;Streptosporangiaceae	0.0	0.0	0.0	0.0	0.0	0.0	0.0	0.0	0.0	0.0	0.0	0.0	46.0	0.0	0.0	0.0	3.0	0.0	0.0	0.0	0.0	0.0	0.0	0.0	0.0	0.0	0.0	0.0	0.0	0.0	0.0	0.0	0.0	0.0	0.0	0.0	0.0	0.0	0.0	0.0	232.0	0.0	0.0	0.0	0.0	0.0	0.0	0.0	0.0	0.0	0.0	0.0	0.0	0.0	24.0	0.0	0.0	0.0	0.0	0.0	0.0	0.0	0.0	0.0	0.0	0.0	0.0	1.0	0.0	0.0	0.0	0.0	0.0	0.0	0.0	0.0	0.0	3.0	0.0	0.0	0.0	0.0	0.0	0.0	0.0	0.0	0.0	0.0
Bacteria;Actinobacteria;Actinobacteria;Unclassified;Thermomonosporaceae	0.0	81.0	3.0	0.0	0.0	0.0	344.0	368.0	0.0	316.0	0.0	6.0	913.0	131.0	0.0	0.0	97.0	1.0	98.0	0.0	0.0	0.0	31.0	49.0	0.0	2777.0	0.0	0.0	0.0	2.0	75.0	0.0	29.0	73.0	0.0	0.0	0.0	0.0	57.0	0.0	1546.0	62.0	0.0	240.0	0.0	0.0	0.0	221.0	0.0	0.0	87.0	0.0	0.0	264.0	353.0	0.0	1.0	1.0	0.0	57.0	0.0	9.0	1.0	28.0	0.0	33.0	0.0	3.0	74.0	82.0	0.0	7.0	122.0	3.0	83.0	0.0	20.0	183.0	0.0	0.0	1.0	0.0	2732.0	31.0	0.0	0.0	0.0	0.0
Bacteria;Armatimonadetes;Other;Other;Other	0.0	0.0	0.0	0.0	0.0	0.0	0.0	0.0	0.0	0.0	0.0	0.0	0.0	0.0	0.0	0.0	0.0	0.0	0.0	0.0	0.0	0.0	0.0	2.0	0.0	0.0	0.0	0.0	0.0	0.0	0.0	0.0	0.0	0.0	0.0	0.0	0.0	0.0	0.0	0.0	0.0	0.0	0.0	0.0	0.0	0.0	0.0	0.0	0.0	0.0	0.0	0.0	0.0	0.0	0.0	0.0	0.0	0.0	0.0	0.0	0.0	0.0	0.0	0.0	0.0	0.0	0.0	0.0	0.0	0.0	0.0	0.0	0.0	0.0	0.0	0.0	0.0	0.0	0.0	0.0	0.0	0.0	0.0	0.0	0.0	0.0	0.0	0.0
Bacteria;Bacteroidetes;Bacteroidia;Bacteroidales;Bacteroidaceae	1250.0	2498.0	2922.0	1517.0	1230.0	7794.0	1240.0	2396.0	231.0	1821.0	5626.0	7775.0	717.0	2195.0	356.0	573.0	2874.0	2298.0	1991.0	2516.0	1447.0	706.0	1136.0	1654.0	1404.0	469.0	643.0	606.0	924.0	2203.0	3776.0	381.0	3139.0	2666.0	1379.0	406.0	3414.0	3543.0	2106.0	510.0	898.0	958.0	3520.0	2052.0	956.0	231.0	870.0	1854.0	2135.0	918.0	2256.0	449.0	53.0	1029.0	349.0	4146.0	5819.0	2206.0	2613.0	1973.0	2007.0	2864.0	1548.0	2181.0	1154.0	38.0	3641.0	545.0	5719.0	1787.0	1102.0	1618.0	2512.0	4210.0	3325.0	984.0	1276.0	186.0	317.0	3494.0	967.0	884.0	2835.0	2701.0	225.0	752.0	2426.0	795.0
Bacteria;Bacteroidetes;Bacteroidia;Bacteroidales;Other	1.0	0.0	1.0	0.0	1.0	10.0	41.0	2.0	0.0	0.0	9.0	17.0	7.0	142.0	1.0	193.0	1.0	0.0	0.0	1.0	0.0	111.0	1.0	2.0	0.0	35.0	0.0	0.0	0.0	0.0	2.0	1.0	0.0	49.0	0.0	0.0	0.0	116.0	2.0	6.0	34.0	0.0	1.0	141.0	0.0	0.0	0.0	0.0	1.0	0.0	0.0	10.0	0.0	0.0	0.0	0.0	15.0	2.0	6.0	0.0	1.0	1.0	0.0	106.0	1.0	1.0	0.0	0.0	3.0	2.0	1.0	0.0	21.0	0.0	68.0	0.0	0.0	5.0	0.0	2.0	0.0	20.0	39.0	0.0	0.0	0.0	2.0	1.0
Bacteria;Bacteroidetes;Bacteroidia;Bacteroidales;Porphyromonadaceae	194.0	134.0	0.0	205.0	0.0	4.0	10.0	360.0	1.0	64.0	172.0	830.0	25.0	99.0	2.0	1.0	46.0	520.0	27.0	155.0	0.0	283.0	101.0	182.0	0.0	7.0	130.0	0.0	365.0	72.0	520.0	1.0	120.0	202.0	104.0	45.0	126.0	106.0	118.0	22.0	224.0	28.0	81.0	97.0	7.0	0.0	1063.0	141.0	21.0	0.0	349.0	26.0	0.0	3.0	323.0	586.0	438.0	478.0	158.0	80.0	41.0	177.0	25.0	375.0	286.0	0.0	159.0	41.0	628.0	169.0	10.0	89.0	185.0	541.0	254.0	0.0	149.0	0.0	0.0	400.0	407.0	169.0	188.0	282.0	3.0	0.0	47.0	2.0
Bacteria;Bacteroidetes;Bacteroidia;Bacteroidales;Prevotellaceae	4221.0	1211.0	2186.0	688.0	882.0	608.0	2095.0	3748.0	785.0	2543.0	137.0	2478.0	701.0	2441.0	485.0	10.0	585.0	3381.0	545.0	633.0	351.0	15575.0	3005.0	2413.0	3095.0	1288.0	0.0	346.0	1554.0	537.0	750.0	1068.0	1465.0	4180.0	1334.0	1328.0	2272.0	648.0	4375.0	1462.0	6067.0	687.0	238.0	2661.0	355.0	289.0	2042.0	2380.0	766.0	711.0	754.0	730.0	562.0	1907.0	484.0	375.0	3491.0	2705.0	391.0	2220.0	2049.0	1611.0	2581.0	2050.0	3103.0	179.0	530.0	735.0	6146.0	1423.0	1514.0	1536.0	6079.0	1712.0	6030.0	1230.0	4717.0	934.0	242.0	5181.0	1063.0	1190.0	68.0	2002.0	686.0	1701.0	629.0	577.0
Bacteria;Bacteroidetes;Bacteroidia;Bacteroidales;Rikenellaceae	0.0	0.0	0.0	19.0	0.0	37.0	0.0	251.0	0.0	0.0	0.0	934.0	16.0	117.0	35.0	1.0	82.0	4.0	4.0	38.0	0.0	0.0	113.0	230.0	46.0	3.0	0.0	3.0	203.0	0.0	58.0	157.0	18.0	557.0	51.0	0.0	363.0	69.0	381.0	3.0	76.0	33.0	29.0	20.0	1.0	0.0	300.0	9.0	0.0	0.0	375.0	0.0	0.0	0.0	13.0	356.0	595.0	301.0	121.0	503.0	0.0	64.0	313.0	370.0	0.0	1.0	148.0	0.0	484.0	72.0	45.0	0.0	586.0	313.0	45.0	2.0	433.0	1.0	1.0	6.0	2.0	522.0	172.0	275.0	0.0	0.0	55.0	0.0
Bacteria;Bacteroidetes;Bacteroidia;Bacteroidales;Unclassified	0.0	0.0	0.0	0.0	0.0	0.0	0.0	0.0	0.0	0.0	0.0	0.0	0.0	4.0	29.0	0.0	0.0	0.0	0.0	0.0	0.0	0.0	0.0	0.0	0.0	0.0	0.0	0.0	0.0	0.0	0.0	0.0	0.0	0.0	21.0	0.0	0.0	0.0	0.0	0.0	0.0	0.0	0.0	0.0	0.0	0.0	0.0	248.0	0.0	0.0	0.0	0.0	0.0	0.0	0.0	0.0	1.0	2.0	0.0	0.0	0.0	0.0	0.0	0.0	0.0	0.0	0.0	0.0	0.0	0.0	0.0	0.0	0.0	0.0	0.0	0.0	0.0	0.0	0.0	0.0	0.0	0.0	0.0	0.0	0.0	0.0	0.0	0.0
Bacteria;Bacteroidetes;Cytophagia;Cytophagales;Cytophagaceae	60.0	0.0	1.0	0.0	0.0	18.0	120.0	0.0	0.0	0.0	0.0	0.0	0.0	0.0	0.0	228.0	0.0	0.0	4.0	0.0	0.0	0.0	0.0	0.0	0.0	0.0	0.0	0.0	350.0	0.0	166.0	0.0	0.0	0.0	132.0	0.0	19.0	1.0	0.0	37.0	2.0	0.0	37.0	0.0	0.0	181.0	0.0	17.0	0.0	0.0	0.0	0.0	0.0	0.0	0.0	0.0	2.0	0.0	40.0	0.0	34.0	0.0	0.0	0.0	0.0	0.0	0.0	0.0	7.0	7.0	0.0	0.0	90.0	0.0	5.0	0.0	0.0	0.0	32.0	0.0	0.0	0.0	0.0	0.0	0.0	24.0	0.0	0.0
Bacteria;Bacteroidetes;Cytophagia;Cytophagales;Flammeovirgaceae	0.0	0.0	0.0	0.0	0.0	0.0	0.0	0.0	0.0	0.0	0.0	0.0	0.0	0.0	0.0	0.0	0.0	0.0	1.0	0.0	0.0	0.0	0.0	0.0	0.0	0.0	107.0	0.0	0.0	0.0	0.0	0.0	0.0	0.0	0.0	0.0	0.0	0.0	2.0	0.0	0.0	0.0	0.0	0.0	0.0	0.0	0.0	0.0	0.0	0.0	0.0	0.0	0.0	0.0	0.0	0.0	0.0	206.0	0.0	1.0	0.0	0.0	0.0	0.0	0.0	0.0	0.0	0.0	0.0	0.0	86.0	0.0	0.0	0.0	0.0	0.0	0.0	0.0	0.0	0.0	0.0	0.0	0.0	0.0	0.0	0.0	0.0	0.0
Bacteria;Bacteroidetes;Cytophagia;Cytophagales;Other	0.0	0.0	0.0	0.0	0.0	0.0	0.0	0.0	0.0	0.0	0.0	0.0	0.0	0.0	0.0	0.0	0.0	0.0	0.0	0.0	0.0	0.0	0.0	0.0	0.0	0.0	0.0	0.0	0.0	0.0	0.0	0.0	0.0	0.0	0.0	0.0	0.0	0.0	0.0	0.0	0.0	0.0	0.0	0.0	0.0	0.0	0.0	0.0	0.0	0.0	0.0	0.0	0.0	0.0	0.0	0.0	0.0	0.0	0.0	0.0	0.0	10.0	0.0	0.0	0.0	0.0	0.0	0.0	0.0	0.0	0.0	0.0	0.0	0.0	0.0	0.0	0.0	0.0	0.0	0.0	0.0	0.0	0.0	0.0	0.0	0.0	0.0	0.0
Bacteria;Bacteroidetes;Flavobacteriia;Flavobacteriales;Cryomorphaceae	0.0	0.0	0.0	0.0	0.0	0.0	0.0	0.0	0.0	0.0	0.0	0.0	0.0	0.0	0.0	0.0	0.0	0.0	0.0	0.0	0.0	0.0	0.0	0.0	0.0	0.0	0.0	0.0	0.0	0.0	0.0	0.0	0.0	0.0	0.0	0.0	0.0	0.0	0.0	0.0	0.0	0.0	0.0	0.0	0.0	0.0	0.0	0.0	0.0	0.0	0.0	0.0	0.0	0.0	0.0	0.0	0.0	0.0	0.0	0.0	0.0	0.0	0.0	0.0	0.0	0.0	0.0	0.0	0.0	0.0	0.0	0.0	0.0	0.0	0.0	0.0	0.0	0.0	0.0	0.0	0.0	259.0	0.0	0.0	0.0	0.0	0.0	0.0
Bacteria;Bacteroidetes;Flavobacteriia;Flavobacteriales;Flavobacteriaceae	39.0	438.0	18.0	0.0	177.0	558.0	542.0	107.0	168.0	287.0	40.0	2.0	2059.0	2.0	118.0	0.0	29.0	112.0	146.0	21.0	0.0	212.0	6.0	83.0	197.0	207.0	145.0	117.0	0.0	39.0	188.0	34.0	36.0	144.0	0.0	90.0	8.0	0.0	38.0	307.0	319.0	224.0	10.0	0.0	321.0	0.0	153.0	59.0	17.0	71.0	0.0	157.0	272.0	36.0	77.0	38.0	6.0	112.0	1.0	0.0	175.0	1.0	76.0	30.0	185.0	689.0	36.0	1130.0	0.0	109.0	394.0	797.0	291.0	93.0	0.0	0.0	0.0	612.0	0.0	0.0	1120.0	0.0	254.0	156.0	1045.0	0.0	155.0	24.0
Bacteria;Bacteroidetes;Sphingobacteriia;Sphingobacteriales;Other	0.0	0.0	0.0	0.0	0.0	0.0	0.0	0.0	0.0	0.0	0.0	0.0	0.0	2.0	0.0	0.0	0.0	0.0	0.0	0.0	0.0	0.0	0.0	0.0	0.0	0.0	0.0	0.0	0.0	0.0	0.0	0.0	0.0	0.0	0.0	0.0	0.0	0.0	0.0	0.0	0.0	0.0	0.0	0.0	0.0	0.0	0.0	137.0	0.0	0.0	0.0	0.0	0.0	0.0	0.0	0.0	0.0	1.0	0.0	0.0	0.0	0.0	0.0	0.0	0.0	0.0	0.0	21.0	0.0	0.0	0.0	0.0	0.0	0.0	0.0	0.0	0.0	0.0	0.0	0.0	0.0	0.0	0.0	0.0	0.0	0.0	4.0	0.0
Bacteria;Bacteroidetes;Sphingobacteriia;Sphingobacteriales;Sphingobacteriaceae	158.0	198.0	0.0	13.0	0.0	0.0	1.0	439.0	415.0	323.0	2.0	2.0	31036.0	2.0	129.0	0.0	16.0	3.0	12.0	0.0	0.0	57.0	106.0	77.0	0.0	291.0	460.0	0.0	94.0	133.0	2.0	245.0	0.0	316.0	182.0	0.0	0.0	55.0	264.0	209.0	9286.0	1.0	5.0	298.0	0.0	0.0	0.0	145.0	73.0	93.0	45.0	0.0	0.0	215.0	1334.0	46.0	456.0	416.0	0.0	0.0	0.0	0.0	366.0	199.0	0.0	430.0	0.0	306.0	53.0	0.0	332.0	72.0	26.0	32.0	5.0	0.0	3.0	0.0	0.0	0.0	2.0	157.0	43.0	200.0	0.0	282.0	0.0	192.0
Bacteria;Bacteroidetes;Sphingobacteriia;Sphingobacteriales;Unclassified	104.0	85.0	1.0	240.0	16.0	5.0	142.0	0.0	64.0	858.0	105.0	2.0	14.0	0.0	507.0	330.0	4.0	296.0	1.0	369.0	0.0	71.0	71.0	165.0	334.0	131.0	202.0	17.0	107.0	203.0	474.0	61.0	0.0	5.0	28.0	266.0	93.0	419.0	33.0	237.0	5.0	125.0	0.0	312.0	241.0	127.0	231.0	37.0	109.0	1.0	0.0	324.0	762.0	161.0	18.0	2.0	1.0	227.0	13.0	1076.0	0.0	4.0	114.0	5.0	1.0	219.0	23.0	0.0	0.0	199.0	119.0	234.0	25.0	25.0	106.0	118.0	168.0	179.0	1243.0	0.0	101.0	139.0	366.0	276.0	116.0	209.0	198.0	0.0
Bacteria;Chlamydiae;Unclassified;Chlamydiales;Other	0.0	0.0	0.0	0.0	0.0	0.0	0.0	0.0	0.0	2.0	0.0	0.0	0.0	0.0	0.0	0.0	0.0	0.0	0.0	0.0	0.0	0.0	0.0	67.0	0.0	0.0	0.0	0.0	0.0	0.0	0.0	0.0	0.0	0.0	0.0	0.0	0.0	0.0	0.0	0.0	0.0	0.0	0.0	0.0	0.0	0.0	0.0	0.0	0.0	0.0	19.0	0.0	0.0	0.0	0.0	0.0	0.0	52.0	0.0	0.0	0.0	2.0	0.0	0.0	0.0	0.0	0.0	0.0	0.0	0.0	0.0	0.0	0.0	0.0	0.0	0.0	0.0	0.0	0.0	0.0	0.0	0.0	0.0	0.0	0.0	0.0	35.0	0.0
Bacteria;Chlamydiae;Unclassified;Chlamydiales;Parachlamydiaceae	0.0	0.0	0.0	0.0	0.0	0.0	0.0	0.0	0.0	0.0	0.0	0.0	0.0	0.0	0.0	0.0	0.0	0.0	0.0	8.0	0.0	0.0	0.0	0.0	0.0	0.0	0.0	0.0	0.0	0.0	0.0	0.0	0.0	0.0	0.0	0.0	0.0	0.0	1.0	0.0	0.0	0.0	0.0	0.0	0.0	0.0	0.0	0.0	0.0	0.0	0.0	0.0	0.0	0.0	0.0	0.0	0.0	15.0	0.0	0.0	0.0	0.0	0.0	0.0	0.0	0.0	29.0	6.0	0.0	0.0	0.0	0.0	0.0	0.0	0.0	0.0	0.0	0.0	0.0	0.0	0.0	0.0	0.0	0.0	0.0	0.0	0.0	0.0
Bacteria;Chlamydiae;Unclassified;Chlamydiales;Simkaniaceae	0.0	0.0	0.0	0.0	0.0	0.0	19.0	0.0	0.0	0.0	0.0	0.0	0.0	0.0	0.0	0.0	0.0	0.0	0.0	0.0	0.0	0.0	0.0	0.0	0.0	0.0	0.0	0.0	0.0	10.0	0.0	0.0	0.0	0.0	0.0	0.0	0.0	0.0	0.0	0.0	0.0	0.0	0.0	0.0	0.0	0.0	0.0	0.0	0.0	0.0	0.0	0.0	0.0	0.0	0.0	0.0	0.0	0.0	0.0	0.0	0.0	0.0	0.0	0.0	0.0	0.0	0.0	0.0	0.0	0.0	0.0	0.0	0.0	0.0	0.0	0.0	0.0	0.0	0.0	0.0	0.0	0.0	0.0	0.0	0.0	0.0	34.0	0.0
Bacteria;Chlorobi;Chlorobia;Chlorobiales;Other	0.0	0.0	0.0	0.0	0.0	0.0	0.0	0.0	0.0	0.0	0.0	0.0	0.0	0.0	0.0	0.0	0.0	0.0	0.0	0.0	0.0	0.0	0.0	0.0	0.0	0.0	0.0	0.0	0.0	0.0	0.0	0.0	0.0	0.0	0.0	0.0	0.0	0.0	0.0	0.0	0.0	0.0	0.0	0.0	0.0	0.0	0.0	0.0	0.0	0.0	0.0	0.0	0.0	0.0	0.0	0.0	0.0	0.0	0.0	225.0	0.0	0.0	0.0	2.0	0.0	0.0	0.0	0.0	0.0	0.0	0.0	0.0	0.0	0.0	0.0	0.0	0.0	0.0	0.0	0.0	0.0	0.0	0.0	0.0	0.0	0.0	0.0	0.0
Bacteria;Chlorobi;Other;Other;Other	0.0	0.0	0.0	0.0	0.0	0.0	0.0	0.0	0.0	0.0	0.0	0.0	0.0	200.0	0.0	0.0	0.0	0.0	0.0	0.0	0.0	0.0	0.0	0.0	0.0	0.0	0.0	0.0	0.0	0.0	0.0	0.0	0.0	0.0	0.0	0.0	0.0	0.0	2.0	0.0	0.0	0.0	0.0	0.0	0.0	0.0	0.0	0.0	0.0	0.0	0.0	0.0	0.0	0.0	0.0	0.0	0.0	0.0	0.0	0.0	0.0	0.0	0.0	0.0	0.0	0.0	0.0	0.0	0.0	0.0	0.0	0.0	0.0	0.0	0.0	0.0	0.0	0.0	0.0	0.0	0.0	0.0	0.0	0.0	0.0	0.0	0.0	0.0
Bacteria;Chloroflexi;Anaerolineae;Anaerolineales;Anaerolineaceae	0.0	0.0	0.0	0.0	0.0	0.0	0.0	0.0	0.0	0.0	0.0	0.0	0.0	0.0	468.0	0.0	0.0	1.0	0.0	0.0	0.0	0.0	0.0	0.0	0.0	0.0	11.0	0.0	9.0	0.0	0.0	0.0	0.0	114.0	0.0	0.0	0.0	0.0	0.0	0.0	3.0	0.0	0.0	0.0	0.0	0.0	0.0	0.0	62.0	0.0	0.0	0.0	0.0	0.0	0.0	0.0	0.0	0.0	0.0	0.0	0.0	3.0	2.0	0.0	0.0	0.0	0.0	0.0	0.0	0.0	0.0	0.0	0.0	0.0	0.0	0.0	0.0	0.0	0.0	0.0	0.0	0.0	0.0	0.0	0.0	0.0	0.0	0.0
Bacteria;Chloroflexi;Caldilineae;Caldilineales;Caldilineaceae	0.0	0.0	0.0	0.0	0.0	0.0	0.0	0.0	0.0	0.0	0.0	2.0	0.0	0.0	0.0	0.0	0.0	0.0	0.0	0.0	0.0	0.0	0.0	47.0	0.0	0.0	0.0	0.0	0.0	0.0	0.0	0.0	0.0	0.0	0.0	0.0	0.0	0.0	5.0	0.0	0.0	0.0	0.0	0.0	0.0	0.0	0.0	0.0	0.0	0.0	0.0	0.0	0.0	0.0	0.0	0.0	0.0	0.0	0.0	0.0	0.0	0.0	0.0	0.0	0.0	0.0	0.0	0.0	0.0	90.0	0.0	0.0	0.0	0.0	0.0	0.0	0.0	0.0	0.0	0.0	0.0	0.0	0.0	0.0	0.0	0.0	0.0	0.0
Bacteria;Chloroflexi;Chloroflexia;Chloroflexales;Chloroflexaceae	0.0	0.0	0.0	0.0	0.0	0.0	0.0	0.0	0.0	0.0	0.0	0.0	0.0	0.0	0.0	0.0	0.0	0.0	0.0	0.0	37.0	0.0	0.0	0.0	0.0	0.0	0.0	0.0	0.0	0.0	0.0	0.0	0.0	0.0	0.0	0.0	0.0	0.0	0.0	0.0	0.0	0.0	0.0	0.0	0.0	0.0	0.0	0.0	0.0	0.0	0.0	0.0	0.0	0.0	0.0	0.0	0.0	0.0	0.0	0.0	0.0	0.0	0.0	0.0	0.0	0.0	0.0	0.0	0.0	0.0	0.0	0.0	0.0	0.0	0.0	0.0	0.0	0.0	0.0	0.0	0.0	0.0	0.0	0.0	0.0	0.0	0.0	0.0
Bacteria;Chloroflexi;Chloroflexia;Other;Other	0.0	0.0	0.0	0.0	0.0	0.0	0.0	0.0	0.0	0.0	0.0	0.0	0.0	0.0	0.0	0.0	0.0	0.0	0.0	0.0	0.0	0.0	0.0	0.0	0.0	0.0	0.0	0.0	0.0	0.0	0.0	0.0	0.0	0.0	0.0	0.0	0.0	0.0	0.0	0.0	0.0	0.0	0.0	0.0	0.0	0.0	0.0	0.0	0.0	0.0	0.0	0.0	0.0	0.0	0.0	0.0	0.0	0.0	0.0	0.0	0.0	0.0	0.0	0.0	0.0	0.0	0.0	0.0	0.0	0.0	0.0	0.0	0.0	0.0	0.0	0.0	0.0	0.0	0.0	0.0	0.0	0.0	0.0	0.0	12.0	0.0	0.0	0.0
Bacteria;Chloroflexi;Other;Other;Other	0.0	0.0	0.0	0.0	0.0	0.0	0.0	0.0	0.0	0.0	74.0	0.0	0.0	0.0	0.0	0.0	0.0	0.0	0.0	0.0	0.0	0.0	0.0	0.0	0.0	0.0	0.0	0.0	0.0	0.0	0.0	0.0	0.0	0.0	0.0	0.0	0.0	0.0	0.0	0.0	0.0	0.0	0.0	0.0	0.0	0.0	0.0	1.0	0.0	0.0	0.0	0.0	0.0	0.0	0.0	0.0	0.0	0.0	0.0	0.0	0.0	0.0	0.0	0.0	0.0	1.0	0.0	0.0	0.0	0.0	0.0	65.0	0.0	0.0	0.0	0.0	0.0	0.0	475.0	0.0	0.0	0.0	0.0	43.0	0.0	0.0	0.0	0.0
Bacteria;Chloroflexi;Thermomicrobia;Other;Other	0.0	0.0	556.0	0.0	0.0	0.0	0.0	128.0	0.0	0.0	0.0	2.0	15.0	0.0	0.0	0.0	0.0	0.0	1.0	0.0	0.0	0.0	0.0	0.0	0.0	0.0	0.0	0.0	0.0	178.0	0.0	0.0	0.0	0.0	0.0	0.0	0.0	0.0	1.0	26.0	81.0	0.0	0.0	0.0	0.0	0.0	0.0	0.0	0.0	0.0	0.0	0.0	0.0	0.0	2.0	0.0	0.0	80.0	0.0	0.0	0.0	8.0	56.0	0.0	0.0	0.0	75.0	0.0	0.0	0.0	0.0	0.0	0.0	0.0	0.0	0.0	0.0	0.0	0.0	0.0	1.0	0.0	2.0	0.0	0.0	0.0	298.0	259.0
Bacteria;Chloroflexi;Thermomicrobia;Sphaerobacterales;Sphaerobacteraceae	0.0	0.0	0.0	0.0	0.0	0.0	0.0	0.0	0.0	1008.0	0.0	0.0	0.0	0.0	0.0	0.0	3.0	1.0	0.0	0.0	0.0	0.0	0.0	0.0	0.0	182.0	0.0	0.0	0.0	0.0	0.0	0.0	0.0	0.0	0.0	0.0	0.0	0.0	171.0	0.0	1140.0	0.0	0.0	0.0	0.0	0.0	0.0	0.0	0.0	0.0	0.0	0.0	0.0	178.0	62.0	0.0	0.0	90.0	0.0	0.0	0.0	0.0	0.0	0.0	0.0	1.0	0.0	0.0	0.0	0.0	0.0	1.0	0.0	0.0	62.0	0.0	0.0	0.0	0.0	0.0	0.0	0.0	0.0	0.0	0.0	0.0	8.0	0.0
Bacteria;Chloroflexi;Unclassified;Unclassified;Unclassified	0.0	0.0	0.0	0.0	0.0	0.0	0.0	0.0	0.0	0.0	0.0	0.0	0.0	0.0	0.0	0.0	0.0	0.0	0.0	0.0	0.0	0.0	0.0	0.0	0.0	0.0	0.0	0.0	0.0	0.0	0.0	0.0	2.0	0.0	0.0	0.0	0.0	0.0	0.0	0.0	0.0	0.0	0.0	0.0	0.0	0.0	0.0	0.0	0.0	0.0	0.0	0.0	0.0	0.0	0.0	0.0	0.0	0.0	0.0	0.0	0.0	0.0	0.0	0.0	0.0	0.0	0.0	0.0	0.0	0.0	0.0	0.0	0.0	0.0	0.0	0.0	0.0	0.0	0.0	0.0	0.0	0.0	0.0	0.0	0.0	0.0	0.0	0.0
Bacteria;Cyanobacteria;Other;Other;Other	1294.0	511.0	510.0	521.0	835.0	98.0	1406.0	0.0	457.0	132.0	140.0	0.0	43.0	314.0	32.0	1090.0	170.0	1158.0	0.0	601.0	204.0	168.0	11545.0	72.0	33.0	533.0	216.0	7945.0	110.0	329.0	9.0	582.0	1370.0	1109.0	79.0	614.0	970.0	789.0	485.0	328.0	223.0	69.0	23.0	1993.0	216.0	0.0	322.0	201.0	60.0	1058.0	324.0	1.0	1375.0	3.0	236.0	11.0	4.0	51.0	71.0	1595.0	247.0	0.0	229.0	248.0	41.0	964.0	72.0	594.0	99.0	126.0	115.0	611.0	373.0	282.0	0.0	111.0	267.0	542.0	46.0	5.0	0.0	157.0	0.0	607.0	4807.0	0.0	4136.0	83.0
Bacteria;Cyanobacteria;Unclassified;Unclassified;Unclassified	0.0	0.0	115.0	89.0	0.0	0.0	487.0	0.0	0.0	303.0	0.0	4.0	0.0	4.0	184.0	190.0	12.0	181.0	2.0	35.0	0.0	213.0	0.0	3.0	77.0	8.0	0.0	190.0	7.0	0.0	384.0	174.0	783.0	0.0	139.0	427.0	112.0	47.0	331.0	43.0	3.0	70.0	16.0	1.0	0.0	0.0	32.0	68.0	32.0	1.0	11.0	0.0	120.0	1.0	51.0	0.0	6.0	63.0	34.0	141.0	0.0	0.0	125.0	94.0	13.0	1.0	0.0	1.0	9.0	179.0	0.0	15.0	0.0	500.0	0.0	0.0	0.0	0.0	0.0	0.0	0.0	0.0	0.0	4.0	0.0	322.0	0.0	12.0
Bacteria;Deinococcus-Thermus;Deinococci;Deinococcales;Deinococcaceae	0.0	152.0	0.0	99.0	0.0	0.0	95.0	0.0	350.0	0.0	0.0	0.0	0.0	3.0	10.0	0.0	2.0	55.0	0.0	1.0	2.0	0.0	4.0	0.0	1163.0	67.0	0.0	0.0	0.0	0.0	0.0	42.0	0.0	0.0	0.0	0.0	0.0	0.0	120.0	0.0	0.0	0.0	0.0	0.0	0.0	192.0	64.0	275.0	0.0	0.0	31.0	0.0	0.0	0.0	13.0	0.0	0.0	3.0	0.0	0.0	0.0	15.0	0.0	0.0	0.0	0.0	0.0	122.0	13.0	0.0	13.0	1092.0	140.0	0.0	0.0	0.0	0.0	0.0	233.0	0.0	1956.0	110.0	0.0	577.0	0.0	0.0	0.0	317.0
Bacteria;Deinococcus-Thermus;Deinococci;Deinococcales;Trueperaceae	0.0	0.0	0.0	3.0	0.0	0.0	0.0	0.0	0.0	0.0	0.0	0.0	0.0	0.0	0.0	0.0	0.0	4.0	0.0	0.0	0.0	0.0	0.0	67.0	0.0	0.0	0.0	0.0	0.0	0.0	0.0	0.0	0.0	129.0	0.0	0.0	0.0	0.0	0.0	0.0	0.0	0.0	0.0	0.0	0.0	0.0	0.0	0.0	0.0	0.0	0.0	0.0	0.0	0.0	0.0	0.0	0.0	0.0	0.0	0.0	0.0	0.0	0.0	0.0	0.0	0.0	0.0	0.0	0.0	0.0	0.0	0.0	0.0	0.0	0.0	0.0	0.0	0.0	0.0	0.0	0.0	0.0	0.0	0.0	0.0	0.0	0.0	0.0
Bacteria;Deinococcus-Thermus;Deinococci;Thermales;Thermaceae	0.0	0.0	0.0	0.0	0.0	0.0	0.0	0.0	0.0	0.0	0.0	0.0	0.0	0.0	0.0	0.0	0.0	0.0	0.0	0.0	0.0	0.0	0.0	0.0	0.0	0.0	0.0	0.0	0.0	0.0	0.0	0.0	0.0	0.0	0.0	0.0	0.0	0.0	0.0	0.0	0.0	0.0	0.0	0.0	0.0	0.0	0.0	0.0	0.0	0.0	0.0	0.0	105.0	0.0	0.0	0.0	0.0	0.0	0.0	0.0	0.0	0.0	0.0	0.0	0.0	0.0	0.0	0.0	0.0	0.0	0.0	0.0	0.0	0.0	0.0	0.0	0.0	0.0	0.0	0.0	0.0	0.0	0.0	14.0	0.0	0.0	0.0	0.0
Bacteria;Elusimicrobia;Elusimicrobia;Other;Other	0.0	0.0	0.0	0.0	4.0	0.0	0.0	0.0	0.0	0.0	0.0	0.0	0.0	0.0	0.0	0.0	0.0	0.0	0.0	0.0	0.0	0.0	0.0	0.0	0.0	1.0	0.0	0.0	0.0	0.0	0.0	0.0	0.0	0.0	0.0	0.0	5.0	0.0	0.0	0.0	0.0	0.0	0.0	0.0	0.0	0.0	0.0	0.0	0.0	0.0	0.0	0.0	0.0	0.0	4.0	0.0	0.0	0.0	0.0	0.0	0.0	0.0	0.0	0.0	0.0	0.0	0.0	0.0	0.0	0.0	0.0	20.0	0.0	252.0	0.0	0.0	0.0	0.0	0.0	0.0	0.0	0.0	0.0	5.0	0.0	0.0	0.0	0.0
Bacteria;Firmicutes;Bacilli;Bacillales;Bacillaceae	15.0	97.0	0.0	54.0	0.0	0.0	39.0	14.0	1627.0	591.0	7.0	13.0	400.0	269.0	0.0	311.0	8.0	29.0	0.0	96.0	5.0	55.0	0.0	169.0	193.0	548.0	124.0	0.0	0.0	1.0	383.0	208.0	431.0	236.0	0.0	438.0	150.0	1.0	0.0	0.0	772.0	8.0	51.0	36.0	526.0	212.0	68.0	67.0	76.0	176.0	121.0	165.0	257.0	147.0	69.0	315.0	10.0	57.0	0.0	415.0	260.0	29.0	0.0	1.0	140.0	1.0	503.0	213.0	4.0	0.0	188.0	2.0	1542.0	2.0	102.0	377.0	5.0	0.0	0.0	0.0	1.0	0.0	15.0	35.0	0.0	0.0	2260.0	0.0
Bacteria;Firmicutes;Bacilli;Bacillales;Listeriaceae	0.0	0.0	0.0	0.0	0.0	0.0	0.0	0.0	0.0	0.0	0.0	0.0	0.0	0.0	0.0	0.0	0.0	0.0	0.0	0.0	0.0	0.0	0.0	0.0	0.0	0.0	0.0	0.0	0.0	0.0	0.0	0.0	0.0	0.0	0.0	0.0	0.0	0.0	0.0	0.0	0.0	0.0	0.0	0.0	0.0	0.0	0.0	0.0	0.0	0.0	0.0	0.0	0.0	0.0	0.0	0.0	0.0	0.0	0.0	0.0	0.0	0.0	0.0	0.0	0.0	0.0	0.0	0.0	0.0	0.0	0.0	0.0	15.0	0.0	0.0	0.0	0.0	0.0	0.0	0.0	0.0	0.0	0.0	0.0	0.0	0.0	0.0	0.0
Bacteria;Firmicutes;Bacilli;Bacillales;Other	0.0	120.0	0.0	0.0	0.0	0.0	0.0	0.0	0.0	0.0	0.0	0.0	0.0	0.0	0.0	0.0	0.0	0.0	0.0	0.0	0.0	0.0	0.0	0.0	0.0	0.0	0.0	0.0	0.0	0.0	120.0	0.0	1.0	0.0	0.0	0.0	0.0	0.0	0.0	0.0	17.0	0.0	0.0	0.0	0.0	0.0	0.0	0.0	0.0	0.0	0.0	0.0	0.0	0.0	0.0	0.0	0.0	0.0	0.0	0.0	0.0	0.0	0.0	0.0	0.0	0.0	0.0	0.0	0.0	0.0	0.0	0.0	0.0	0.0	0.0	0.0	0.0	0.0	0.0	0.0	0.0	0.0	0.0	0.0	0.0	0.0	0.0	0.0
Bacteria;Firmicutes;Bacilli;Bacillales;Paenibacillaceae	0.0	50.0	0.0	0.0	0.0	0.0	0.0	319.0	0.0	220.0	0.0	0.0	103.0	0.0	0.0	0.0	1.0	21.0	181.0	0.0	0.0	69.0	54.0	2.0	9.0	508.0	0.0	0.0	0.0	1.0	66.0	0.0	0.0	0.0	0.0	0.0	0.0	0.0	239.0	0.0	1085.0	0.0	0.0	0.0	0.0	0.0	0.0	40.0	0.0	0.0	15.0	351.0	0.0	81.0	256.0	0.0	14.0	0.0	0.0	0.0	0.0	4.0	232.0	35.0	0.0	2.0	0.0	0.0	28.0	51.0	0.0	4.0	9.0	0.0	0.0	0.0	0.0	0.0	9.0	0.0	1.0	177.0	0.0	0.0	1236.0	0.0	0.0	0.0
Bacteria;Firmicutes;Bacilli;Bacillales;Planococcaceae	0.0	159.0	0.0	0.0	0.0	0.0	0.0	0.0	0.0	0.0	36.0	0.0	10.0	0.0	0.0	0.0	0.0	0.0	0.0	0.0	0.0	0.0	0.0	0.0	0.0	3.0	0.0	0.0	0.0	0.0	0.0	0.0	0.0	0.0	0.0	0.0	0.0	0.0	0.0	0.0	781.0	0.0	0.0	0.0	1.0	0.0	528.0	0.0	0.0	0.0	0.0	0.0	0.0	0.0	0.0	0.0	0.0	0.0	0.0	0.0	0.0	7.0	0.0	0.0	0.0	0.0	0.0	0.0	0.0	16.0	0.0	0.0	0.0	283.0	0.0	0.0	0.0	0.0	0.0	0.0	0.0	0.0	0.0	2.0	0.0	0.0	96.0	0.0
Bacteria;Firmicutes;Bacilli;Bacillales;Sporolactobacillaceae	0.0	0.0	0.0	0.0	0.0	0.0	0.0	0.0	0.0	0.0	0.0	0.0	0.0	0.0	0.0	0.0	0.0	68.0	0.0	67.0	0.0	0.0	2.0	0.0	0.0	0.0	0.0	0.0	0.0	0.0	0.0	0.0	0.0	0.0	0.0	0.0	0.0	0.0	0.0	0.0	0.0	0.0	0.0	0.0	0.0	0.0	0.0	0.0	1.0	0.0	0.0	0.0	0.0	0.0	0.0	0.0	0.0	0.0	0.0	0.0	0.0	0.0	0.0	0.0	0.0	0.0	0.0	0.0	0.0	0.0	0.0	18.0	0.0	0.0	0.0	0.0	0.0	0.0	0.0	0.0	0.0	0.0	1.0	0.0	0.0	0.0	0.0	70.0
Bacteria;Firmicutes;Bacilli;Bacillales;Staphylococcaceae	64.0	19.0	0.0	135.0	32.0	40.0	0.0	277.0	59.0	0.0	0.0	0.0	12.0	20.0	50.0	0.0	50.0	1.0	103.0	132.0	100.0	174.0	0.0	45.0	1.0	37.0	0.0	117.0	29.0	59.0	285.0	288.0	46.0	0.0	1.0	0.0	14.0	0.0	242.0	0.0	36.0	140.0	18.0	0.0	0.0	0.0	154.0	0.0	20.0	1.0	77.0	0.0	438.0	2.0	358.0	55.0	5.0	0.0	1.0	0.0	90.0	46.0	125.0	25.0	0.0	407.0	80.0	0.0	5.0	0.0	5.0	203.0	55.0	9.0	123.0	0.0	0.0	0.0	60.0	0.0	1.0	171.0	0.0	0.0	438.0	30.0	362.0	0.0
Bacteria;Firmicutes;Bacilli;Bacillales;Thermoactinomycetaceae	0.0	63.0	0.0	23.0	0.0	0.0	0.0	106.0	0.0	0.0	0.0	1.0	433.0	247.0	457.0	1.0	21.0	4.0	0.0	39.0	0.0	10.0	10.0	0.0	251.0	3948.0	0.0	0.0	324.0	0.0	289.0	0.0	2.0	277.0	0.0	0.0	0.0	118.0	2.0	0.0	1311.0	0.0	4.0	43.0	0.0	0.0	0.0	75.0	0.0	14.0	0.0	0.0	64.0	448.0	265.0	0.0	37.0	73.0	0.0	0.0	0.0	2.0	398.0	0.0	0.0	97.0	33.0	2.0	28.0	0.0	40.0	12.0	77.0	12.0	0.0	0.0	0.0	0.0	0.0	0.0	336.0	0.0	0.0	85.0	1152.0	0.0	0.0	0.0
Bacteria;Firmicutes;Bacilli;Bacillales;Unclassified	0.0	0.0	0.0	293.0	0.0	0.0	0.0	22.0	0.0	0.0	0.0	1.0	0.0	0.0	0.0	0.0	38.0	0.0	0.0	0.0	0.0	0.0	0.0	0.0	0.0	904.0	0.0	0.0	0.0	0.0	0.0	0.0	0.0	0.0	0.0	54.0	67.0	0.0	0.0	0.0	13.0	1.0	0.0	0.0	0.0	0.0	1.0	1.0	0.0	0.0	0.0	9.0	0.0	0.0	60.0	116.0	23.0	0.0	13.0	0.0	0.0	0.0	0.0	0.0	0.0	0.0	1.0	173.0	2.0	0.0	1.0	41.0	0.0	0.0	0.0	0.0	0.0	0.0	0.0	0.0	0.0	0.0	0.0	0.0	0.0	0.0	33.0	0.0
Bacteria;Firmicutes;Bacilli;Lactobacillales;Aerococcaceae	0.0	0.0	0.0	0.0	0.0	0.0	0.0	1.0	0.0	0.0	0.0	0.0	0.0	0.0	0.0	0.0	27.0	0.0	0.0	0.0	0.0	0.0	0.0	0.0	3.0	0.0	0.0	0.0	0.0	0.0	0.0	0.0	0.0	0.0	0.0	0.0	0.0	0.0	0.0	179.0	0.0	0.0	0.0	0.0	15.0	144.0	0.0	1.0	0.0	0.0	0.0	2.0	0.0	0.0	76.0	0.0	5.0	0.0	0.0	0.0	0.0	0.0	0.0	0.0	0.0	0.0	0.0	0.0	0.0	0.0	2.0	323.0	0.0	3.0	0.0	3.0	0.0	1276.0	0.0	0.0	0.0	0.0	0.0	0.0	0.0	264.0	0.0	0.0
Bacteria;Firmicutes;Bacilli;Lactobacillales;Carnobacteriaceae	18.0	0.0	0.0	13.0	0.0	0.0	0.0	0.0	0.0	0.0	17.0	9.0	1.0	0.0	0.0	0.0	45.0	0.0	0.0	0.0	0.0	0.0	84.0	0.0	0.0	1.0	0.0	0.0	46.0	0.0	0.0	0.0	0.0	0.0	6.0	0.0	0.0	0.0	0.0	0.0	0.0	38.0	23.0	0.0	0.0	0.0	0.0	0.0	0.0	0.0	0.0	26.0	0.0	0.0	155.0	27.0	0.0	0.0	13.0	0.0	77.0	0.0	0.0	0.0	0.0	0.0	0.0	0.0	1.0	0.0	0.0	0.0	110.0	70.0	0.0	0.0	0.0	0.0	0.0	0.0	0.0	0.0	1.0	2.0	0.0	0.0	0.0	281.0
Bacteria;Firmicutes;Bacilli;Lactobacillales;Enterococcaceae	0.0	11.0	56.0	250.0	77.0	0.0	0.0	142.0	0.0	362.0	17.0	2.0	34.0	18.0	0.0	0.0	48.0	3.0	2.0	1.0	0.0	160.0	30.0	279.0	0.0	87.0	0.0	0.0	102.0	113.0	226.0	243.0	83.0	267.0	3.0	23.0	24.0	294.0	182.0	0.0	178.0	286.0	55.0	62.0	0.0	0.0	339.0	0.0	0.0	23.0	141.0	105.0	143.0	0.0	180.0	36.0	12.0	262.0	70.0	10.0	0.0	86.0	192.0	291.0	0.0	0.0	80.0	0.0	116.0	158.0	205.0	0.0	245.0	225.0	52.0	0.0	157.0	1.0	0.0	81.0	0.0	207.0	0.0	245.0	0.0	0.0	332.0	172.0
Bacteria;Firmicutes;Bacilli;Lactobacillales;Lactobacillaceae	214.0	633.0	438.0	270.0	129.0	86.0	15.0	0.0	0.0	331.0	23.0	59.0	18.0	271.0	0.0	741.0	93.0	30.0	0.0	153.0	7.0	674.0	83.0	317.0	18.0	178.0	0.0	0.0	184.0	106.0	435.0	112.0	201.0	459.0	137.0	0.0	208.0	209.0	491.0	252.0	116.0	77.0	40.0	460.0	0.0	0.0	2.0	226.0	2.0	111.0	199.0	304.0	0.0	274.0	599.0	120.0	356.0	83.0	61.0	202.0	157.0	6.0	55.0	1063.0	1.0	3.0	105.0	95.0	498.0	88.0	68.0	1.0	392.0	484.0	111.0	2.0	184.0	2.0	123.0	0.0	0.0	285.0	1.0	105.0	22.0	0.0	86.0	0.0
Bacteria;Firmicutes;Bacilli;Lactobacillales;Leuconostocaceae	0.0	0.0	0.0	2.0	0.0	0.0	0.0	0.0	0.0	0.0	0.0	10.0	2.0	2.0	0.0	0.0	0.0	0.0	0.0	0.0	0.0	0.0	0.0	13.0	0.0	10.0	0.0	0.0	0.0	0.0	0.0	0.0	0.0	50.0	0.0	69.0	0.0	3.0	0.0	0.0	0.0	0.0	4.0	3.0	0.0	0.0	0.0	76.0	0.0	0.0	0.0	0.0	0.0	0.0	0.0	2.0	6.0	22.0	0.0	0.0	36.0	0.0	0.0	0.0	0.0	0.0	0.0	0.0	1.0	0.0	0.0	0.0	0.0	0.0	0.0	0.0	0.0	0.0	0.0	0.0	0.0	0.0	0.0	0.0	0.0	0.0	0.0	0.0
Bacteria;Firmicutes;Bacilli;Lactobacillales;Streptococcaceae	401.0	458.0	754.0	896.0	442.0	628.0	35.0	816.0	588.0	214.0	236.0	1179.0	79.0	1115.0	573.0	1504.0	426.0	178.0	715.0	774.0	274.0	449.0	426.0	1001.0	2.0	429.0	619.0	1164.0	733.0	532.0	1432.0	482.0	1639.0	2340.0	952.0	565.0	655.0	189.0	1031.0	866.0	273.0	104.0	481.0	454.0	0.0	156.0	97.0	1434.0	290.0	632.0	1617.0	1028.0	930.0	294.0	937.0	402.0	1114.0	1264.0	580.0	526.0	450.0	29.0	647.0	1137.0	92.0	18.0	452.0	249.0	774.0	653.0	751.0	521.0	484.0	486.0	216.0	728.0	406.0	35.0	112.0	265.0	1.0	1595.0	388.0	997.0	255.0	123.0	3868.0	350.0
Bacteria;Firmicutes;Bacilli;Other;Other	0.0	0.0	0.0	0.0	0.0	0.0	0.0	0.0	0.0	0.0	0.0	0.0	24.0	0.0	0.0	0.0	0.0	0.0	0.0	0.0	0.0	0.0	0.0	0.0	0.0	0.0	0.0	0.0	0.0	0.0	0.0	0.0	0.0	0.0	0.0	0.0	0.0	0.0	0.0	0.0	46.0	1.0	0.0	0.0	0.0	0.0	0.0	0.0	0.0	0.0	0.0	0.0	0.0	0.0	32.0	0.0	10.0	0.0	0.0	0.0	0.0	0.0	0.0	0.0	0.0	0.0	0.0	0.0	6.0	0.0	0.0	0.0	0.0	0.0	0.0	0.0	21.0	0.0	0.0	0.0	0.0	0.0	0.0	0.0	0.0	0.0	0.0	0.0
Bacteria;Firmicutes;Clostridia;Clostridiales;Christensenellaceae	0.0	47.0	0.0	34.0	29.0	0.0	104.0	31.0	0.0	0.0	9.0	391.0	12.0	1.0	0.0	55.0	102.0	285.0	354.0	2.0	0.0	0.0	280.0	27.0	0.0	151.0	0.0	43.0	0.0	0.0	0.0	54.0	0.0	155.0	81.0	0.0	218.0	0.0	127.0	0.0	28.0	0.0	16.0	22.0	0.0	0.0	163.0	16.0	0.0	0.0	143.0	0.0	0.0	2.0	0.0	112.0	882.0	76.0	192.0	0.0	256.0	33.0	229.0	569.0	0.0	3.0	60.0	27.0	666.0	204.0	132.0	1.0	19.0	0.0	0.0	2.0	306.0	0.0	350.0	0.0	0.0	138.0	52.0	406.0	0.0	160.0	1.0	0.0
Bacteria;Firmicutes;Clostridia;Clostridiales;Defluviitaleaceae	0.0	0.0	0.0	0.0	0.0	257.0	167.0	0.0	0.0	121.0	35.0	162.0	15.0	230.0	0.0	0.0	21.0	0.0	0.0	0.0	1.0	0.0	48.0	162.0	0.0	0.0	0.0	0.0	0.0	0.0	0.0	1.0	85.0	44.0	69.0	0.0	67.0	0.0	1.0	0.0	19.0	0.0	3.0	0.0	0.0	0.0	0.0	0.0	6.0	0.0	32.0	0.0	0.0	0.0	0.0	34.0	168.0	0.0	30.0	0.0	227.0	2.0	170.0	75.0	0.0	0.0	27.0	90.0	67.0	96.0	5.0	60.0	234.0	99.0	0.0	0.0	0.0	0.0	0.0	0.0	0.0	302.0	0.0	10.0	0.0	0.0	10.0	0.0
Bacteria;Firmicutes;Clostridia;Clostridiales;Eubacteriaceae	0.0	0.0	0.0	1.0	0.0	0.0	0.0	0.0	0.0	0.0	0.0	0.0	0.0	0.0	0.0	2.0	0.0	0.0	0.0	0.0	0.0	0.0	0.0	0.0	219.0	0.0	0.0	0.0	178.0	0.0	0.0	0.0	0.0	0.0	0.0	0.0	0.0	0.0	0.0	0.0	0.0	59.0	2.0	0.0	0.0	0.0	0.0	0.0	0.0	0.0	0.0	0.0	0.0	0.0	0.0	0.0	0.0	0.0	0.0	0.0	0.0	0.0	139.0	0.0	0.0	0.0	0.0	0.0	0.0	0.0	0.0	0.0	0.0	0.0	0.0	0.0	0.0	0.0	0.0	0.0	0.0	0.0	0.0	0.0	0.0	0.0	0.0	0.0
Bacteria;Firmicutes;Clostridia;Clostridiales;Lachnospiraceae	4045.0	15372.0	19779.0	17045.0	19050.0	1358.0	3795.0	9153.0	5351.0	8187.0	1284.0	19789.0	4188.0	14250.0	4543.0	7230.0	23426.0	8867.0	19837.0	10797.0	11673.0	3118.0	7078.0	11577.0	7624.0	2537.0	3994.0	15553.0	4092.0	18280.0	12105.0	5823.0	17561.0	9554.0	12778.0	6533.0	15231.0	8343.0	9096.0	9239.0	3538.0	8524.0	25355.0	6596.0	5654.0	2434.0	7428.0	9209.0	27964.0	14849.0	18526.0	6074.0	2210.0	4640.0	9761.0	19595.0	15775.0	14347.0	21212.0	11283.0	6693.0	2604.0	5507.0	11965.0	2998.0	2029.0	23693.0	3151.0	19165.0	12366.0	11845.0	7152.0	9551.0	12233.0	2143.0	9688.0	5465.0	4015.0	13878.0	3145.0	11891.0	8642.0	25020.0	14579.0	3210.0	2386.0	15209.0	4660.0
Bacteria;Firmicutes;Clostridia;Clostridiales;Other	152.0	235.0	118.0	501.0	50.0	1.0	0.0	52.0	0.0	0.0	0.0	718.0	57.0	561.0	0.0	291.0	198.0	0.0	129.0	71.0	0.0	0.0	351.0	71.0	0.0	115.0	0.0	25.0	129.0	282.0	138.0	0.0	275.0	1.0	107.0	0.0	24.0	140.0	197.0	38.0	106.0	8.0	47.0	0.0	0.0	0.0	37.0	216.0	164.0	141.0	145.0	0.0	0.0	190.0	206.0	162.0	261.0	69.0	200.0	809.0	10.0	7.0	116.0	285.0	1480.0	0.0	40.0	49.0	237.0	11.0	77.0	680.0	40.0	429.0	0.0	1.0	221.0	14.0	494.0	16.0	0.0	782.0	63.0	124.0	0.0	0.0	484.0	38.0
Bacteria;Firmicutes;Clostridia;Clostridiales;Peptococcaceae	0.0	0.0	0.0	0.0	0.0	0.0	0.0	0.0	0.0	0.0	0.0	0.0	0.0	0.0	0.0	0.0	0.0	0.0	0.0	0.0	0.0	0.0	0.0	0.0	0.0	0.0	0.0	0.0	0.0	0.0	0.0	0.0	0.0	0.0	0.0	0.0	0.0	0.0	0.0	0.0	0.0	0.0	0.0	0.0	0.0	0.0	0.0	0.0	0.0	0.0	0.0	0.0	0.0	0.0	0.0	0.0	13.0	0.0	0.0	0.0	0.0	0.0	0.0	0.0	0.0	0.0	0.0	0.0	1.0	0.0	63.0	0.0	0.0	0.0	0.0	0.0	0.0	0.0	0.0	0.0	0.0	0.0	0.0	0.0	0.0	0.0	0.0	0.0
Bacteria;Firmicutes;Clostridia;Clostridiales;Peptostreptococcaceae	190.0	1325.0	1773.0	1466.0	638.0	145.0	0.0	1104.0	297.0	79.0	15.0	1379.0	135.0	1180.0	144.0	564.0	1555.0	535.0	869.0	573.0	182.0	0.0	263.0	584.0	6.0	344.0	0.0	1042.0	90.0	997.0	29.0	73.0	824.0	198.0	550.0	693.0	880.0	288.0	689.0	599.0	100.0	529.0	1147.0	579.0	0.0	0.0	364.0	695.0	1639.0	1863.0	791.0	1205.0	395.0	397.0	544.0	851.0	787.0	593.0	1145.0	798.0	726.0	73.0	221.0	43.0	358.0	782.0	529.0	56.0	1042.0	1068.0	886.0	663.0	319.0	539.0	0.0	530.0	1.0	5.0	131.0	234.0	1074.0	536.0	1798.0	870.0	10.0	0.0	198.0	877.0
Bacteria;Firmicutes;Clostridia;Clostridiales;Ruminococcaceae	2779.0	5238.0	5793.0	8348.0	9393.0	1721.0	2670.0	6175.0	1566.0	3346.0	1309.0	31626.0	1736.0	7035.0	793.0	2147.0	10496.0	6267.0	10969.0	3100.0	5683.0	1708.0	5893.0	9876.0	7397.0	1651.0	4580.0	5891.0	1271.0	8032.0	7947.0	2321.0	7163.0	5723.0	28421.0	3552.0	6687.0	5395.0	7555.0	4081.0	2144.0	3093.0	10533.0	5822.0	2846.0	1535.0	6718.0	5669.0	11511.0	4231.0	11182.0	3081.0	142.0	4860.0	6652.0	12875.0	17448.0	10918.0	8923.0	6209.0	3378.0	402.0	4036.0	8766.0	1168.0	738.0	9914.0	2384.0	13451.0	8620.0	22191.0	3365.0	7045.0	9021.0	388.0	3535.0	11826.0	1417.0	5146.0	1270.0	3559.0	3861.0	12228.0	9159.0	578.0	3791.0	8007.0	2766.0
Bacteria;Firmicutes;Clostridia;Clostridiales;Unclassified	0.0	0.0	1.0	0.0	0.0	0.0	84.0	0.0	0.0	0.0	0.0	9.0	342.0	0.0	1216.0	155.0	73.0	9.0	0.0	22.0	167.0	60.0	8.0	0.0	0.0	19.0	0.0	64.0	87.0	47.0	1.0	38.0	5.0	153.0	0.0	0.0	0.0	20.0	0.0	520.0	124.0	0.0	31.0	141.0	144.0	0.0	0.0	0.0	1.0	20.0	0.0	389.0	0.0	2.0	83.0	67.0	14.0	122.0	7.0	54.0	58.0	13.0	197.0	4.0	6.0	0.0	223.0	79.0	31.0	0.0	0.0	0.0	98.0	96.0	27.0	3.0	0.0	576.0	147.0	3.0	0.0	4.0	0.0	11.0	0.0	0.0	0.0	17.0
Bacteria;Firmicutes;Clostridia;Other;Other	0.0	0.0	0.0	0.0	0.0	0.0	0.0	0.0	0.0	0.0	0.0	0.0	0.0	0.0	0.0	0.0	0.0	0.0	0.0	0.0	0.0	0.0	0.0	0.0	0.0	0.0	0.0	0.0	0.0	0.0	0.0	0.0	0.0	0.0	0.0	0.0	0.0	0.0	0.0	0.0	0.0	0.0	0.0	0.0	0.0	0.0	0.0	0.0	0.0	0.0	0.0	0.0	0.0	0.0	0.0	0.0	10.0	0.0	0.0	0.0	0.0	0.0	0.0	0.0	0.0	0.0	0.0	0.0	0.0	0.0	0.0	0.0	0.0	0.0	0.0	0.0	0.0	0.0	0.0	0.0	0.0	0.0	0.0	0.0	0.0	0.0	0.0	0.0
Bacteria;Firmicutes;Clostridia;Thermoanaerobacterales;Thermoanaerobacteraceae	0.0	0.0	0.0	0.0	0.0	0.0	0.0	0.0	0.0	0.0	0.0	0.0	0.0	0.0	0.0	0.0	0.0	0.0	0.0	0.0	0.0	0.0	0.0	0.0	0.0	0.0	0.0	0.0	0.0	0.0	0.0	0.0	0.0	0.0	0.0	0.0	0.0	0.0	0.0	0.0	0.0	0.0	0.0	0.0	0.0	0.0	0.0	0.0	0.0	0.0	0.0	0.0	0.0	0.0	0.0	0.0	0.0	0.0	0.0	0.0	0.0	0.0	0.0	0.0	0.0	0.0	0.0	0.0	0.0	0.0	0.0	0.0	0.0	0.0	0.0	0.0	0.0	0.0	0.0	0.0	0.0	0.0	0.0	0.0	0.0	69.0	0.0	0.0
Bacteria;Firmicutes;Erysipelotrichia;Erysipelotrichales;Erysipelotrichaceae	363.0	1080.0	1140.0	653.0	1682.0	398.0	477.0	924.0	277.0	325.0	77.0	1740.0	365.0	426.0	138.0	1.0	1732.0	765.0	1633.0	1250.0	537.0	84.0	618.0	1044.0	677.0	619.0	49.0	457.0	450.0	897.0	1326.0	167.0	1507.0	1583.0	365.0	601.0	1133.0	775.0	729.0	380.0	302.0	788.0	1225.0	812.0	1270.0	299.0	422.0	806.0	1005.0	738.0	975.0	233.0	202.0	359.0	87.0	1192.0	992.0	736.0	1305.0	579.0	813.0	189.0	466.0	807.0	267.0	170.0	1254.0	202.0	932.0	977.0	357.0	677.0	790.0	763.0	223.0	757.0	718.0	63.0	676.0	840.0	371.0	376.0	2440.0	1723.0	21.0	751.0	1081.0	699.0
Bacteria;Firmicutes;Negativicutes;Selenomonadales;Acidaminococcaceae	3283.0	755.0	1744.0	279.0	384.0	888.0	593.0	1085.0	664.0	1845.0	299.0	1574.0	310.0	979.0	7.0	5.0	738.0	1149.0	2420.0	562.0	203.0	4141.0	1192.0	2332.0	801.0	477.0	41.0	439.0	1125.0	540.0	672.0	1698.0	1039.0	1939.0	584.0	425.0	158.0	1198.0	2171.0	5.0	2832.0	1371.0	1130.0	686.0	788.0	822.0	1743.0	141.0	1172.0	1755.0	1071.0	772.0	688.0	835.0	638.0	1213.0	1393.0	1560.0	945.0	192.0	719.0	4455.0	916.0	1852.0	1060.0	971.0	635.0	126.0	1026.0	697.0	660.0	764.0	2072.0	2731.0	2468.0	449.0	2670.0	451.0	617.0	9443.0	1144.0	313.0	855.0	2062.0	1097.0	1427.0	1009.0	1587.0
Bacteria;Firmicutes;Negativicutes;Selenomonadales;Veillonellaceae	5363.0	1731.0	5236.0	1707.0	966.0	2458.0	1616.0	4013.0	619.0	4356.0	604.0	930.0	668.0	2792.0	924.0	510.0	749.0	2132.0	1386.0	4835.0	507.0	14287.0	4354.0	4998.0	4180.0	963.0	1127.0	1812.0	9378.0	873.0	3549.0	1996.0	1490.0	5130.0	2021.0	3365.0	1737.0	2488.0	4615.0	1088.0	6787.0	3047.0	1276.0	1750.0	8.0	1102.0	2354.0	2524.0	1602.0	2881.0	2695.0	3124.0	2431.0	3016.0	2179.0	1061.0	2333.0	2994.0	1063.0	1221.0	4042.0	49031.0	3615.0	3822.0	5604.0	31.0	1175.0	788.0	3438.0	1664.0	2630.0	299.0	2292.0	7438.0	36247.0	371.0	3633.0	1038.0	160.0	22642.0	3946.0	3244.0	1386.0	4436.0	4948.0	1277.0	1816.0	6762.0
Bacteria;Firmicutes;Other;Other;Other	0.0	0.0	0.0	0.0	0.0	0.0	0.0	116.0	0.0	146.0	0.0	2.0	140.0	3.0	432.0	0.0	0.0	3.0	3.0	151.0	0.0	40.0	0.0	143.0	0.0	1.0	0.0	0.0	0.0	0.0	0.0	0.0	0.0	277.0	80.0	0.0	0.0	696.0	453.0	0.0	194.0	0.0	0.0	242.0	2.0	0.0	83.0	126.0	1.0	0.0	0.0	0.0	0.0	0.0	291.0	0.0	12.0	356.0	0.0	97.0	0.0	2.0	1.0	2.0	0.0	2.0	0.0	1.0	98.0	167.0	186.0	0.0	209.0	298.0	61.0	0.0	71.0	14.0	0.0	0.0	1.0	64.0	0.0	88.0	0.0	0.0	55.0	0.0
Bacteria;Fusobacteria;Fusobacteriia;Fusobacteriales;Fusobacteriaceae	0.0	0.0	0.0	0.0	0.0	0.0	0.0	0.0	0.0	0.0	197.0	42.0	19.0	2.0	24.0	0.0	19.0	0.0	12.0	0.0	0.0	0.0	0.0	0.0	0.0	0.0	0.0	0.0	2.0	20.0	0.0	0.0	36.0	0.0	0.0	0.0	0.0	0.0	0.0	0.0	2.0	0.0	32.0	0.0	2.0	0.0	0.0	317.0	1.0	0.0	6.0	7.0	0.0	17.0	12.0	0.0	12.0	3.0	3.0	0.0	0.0	0.0	94.0	0.0	0.0	0.0	33.0	0.0	0.0	5.0	0.0	0.0	3.0	0.0	0.0	0.0	0.0	0.0	0.0	0.0	0.0	44.0	14.0	0.0	0.0	0.0	0.0	0.0
Bacteria;Fusobacteria;Fusobacteriia;Fusobacteriales;Leptotrichiaceae	0.0	0.0	0.0	0.0	0.0	0.0	0.0	0.0	0.0	0.0	0.0	0.0	0.0	4.0	0.0	0.0	0.0	0.0	0.0	0.0	0.0	0.0	0.0	0.0	0.0	0.0	0.0	0.0	0.0	0.0	0.0	0.0	0.0	0.0	0.0	0.0	0.0	593.0	0.0	0.0	0.0	0.0	0.0	0.0	0.0	0.0	0.0	213.0	0.0	0.0	0.0	303.0	0.0	0.0	14.0	0.0	0.0	1.0	0.0	0.0	1.0	0.0	0.0	0.0	0.0	0.0	0.0	0.0	1.0	0.0	0.0	0.0	0.0	0.0	0.0	0.0	0.0	0.0	0.0	0.0	0.0	0.0	0.0	0.0	0.0	0.0	0.0	0.0
Bacteria;Gemmatimonadetes;Gemmatimonadetes;Gemmatimonadales;Gemmatimonadaceae	0.0	0.0	0.0	0.0	0.0	0.0	0.0	0.0	0.0	0.0	0.0	0.0	0.0	0.0	0.0	0.0	0.0	0.0	0.0	0.0	0.0	0.0	0.0	0.0	0.0	0.0	0.0	0.0	0.0	0.0	0.0	0.0	0.0	0.0	0.0	0.0	0.0	0.0	0.0	0.0	7.0	0.0	0.0	0.0	0.0	0.0	0.0	0.0	0.0	0.0	0.0	0.0	0.0	0.0	0.0	0.0	0.0	0.0	0.0	0.0	0.0	0.0	0.0	0.0	0.0	0.0	0.0	0.0	0.0	0.0	0.0	0.0	0.0	0.0	0.0	0.0	0.0	0.0	0.0	0.0	0.0	0.0	108.0	0.0	0.0	0.0	0.0	0.0
Bacteria;Gemmatimonadetes;Gemmatimonadetes;Other;Other	123.0	0.0	1.0	0.0	0.0	0.0	226.0	158.0	490.0	50.0	0.0	4.0	643.0	0.0	0.0	0.0	22.0	0.0	0.0	0.0	0.0	0.0	17.0	181.0	0.0	6.0	0.0	0.0	96.0	0.0	0.0	0.0	0.0	11.0	0.0	0.0	0.0	0.0	117.0	0.0	704.0	0.0	2.0	0.0	0.0	0.0	0.0	0.0	5.0	0.0	47.0	94.0	0.0	60.0	109.0	0.0	9.0	0.0	0.0	0.0	0.0	4.0	326.0	0.0	0.0	1.0	0.0	16.0	0.0	19.0	0.0	0.0	7.0	19.0	78.0	0.0	2.0	0.0	0.0	0.0	0.0	0.0	0.0	178.0	0.0	0.0	211.0	0.0
Bacteria;Nitrospirae;Nitrospira;Nitrospirales;Nitrospiraceae	0.0	0.0	0.0	0.0	0.0	0.0	0.0	0.0	2.0	0.0	0.0	0.0	0.0	0.0	0.0	0.0	0.0	0.0	0.0	0.0	0.0	0.0	0.0	0.0	0.0	0.0	186.0	0.0	0.0	0.0	0.0	0.0	0.0	0.0	0.0	0.0	0.0	0.0	0.0	0.0	0.0	0.0	0.0	0.0	0.0	0.0	0.0	0.0	0.0	0.0	0.0	0.0	0.0	0.0	0.0	0.0	0.0	0.0	0.0	0.0	0.0	0.0	0.0	0.0	0.0	0.0	0.0	0.0	0.0	0.0	0.0	0.0	0.0	0.0	0.0	0.0	0.0	0.0	0.0	0.0	0.0	0.0	0.0	0.0	0.0	0.0	0.0	0.0
Bacteria;Nitrospirae;Nitrospira;Nitrospirales;Unclassified	0.0	0.0	0.0	0.0	0.0	0.0	289.0	0.0	0.0	0.0	0.0	0.0	0.0	60.0	0.0	0.0	0.0	0.0	0.0	0.0	0.0	0.0	0.0	0.0	0.0	0.0	0.0	0.0	0.0	0.0	0.0	0.0	0.0	0.0	0.0	0.0	0.0	0.0	1.0	0.0	0.0	0.0	0.0	0.0	0.0	0.0	0.0	0.0	0.0	0.0	0.0	0.0	0.0	0.0	0.0	0.0	0.0	0.0	0.0	0.0	0.0	0.0	0.0	0.0	0.0	0.0	0.0	0.0	0.0	0.0	0.0	0.0	0.0	0.0	0.0	0.0	0.0	0.0	0.0	0.0	0.0	0.0	0.0	0.0	0.0	0.0	0.0	0.0
Bacteria;Other;Other;Other;Other	0.0	173.0	1.0	351.0	548.0	0.0	410.0	428.0	133.0	268.0	24.0	5.0	13.0	5.0	613.0	395.0	59.0	47.0	308.0	24.0	40.0	75.0	305.0	444.0	493.0	0.0	411.0	70.0	0.0	103.0	309.0	0.0	0.0	359.0	5.0	0.0	0.0	1.0	47.0	357.0	9.0	452.0	4.0	100.0	3.0	0.0	775.0	504.0	18.0	82.0	0.0	43.0	303.0	177.0	9.0	103.0	13.0	250.0	134.0	90.0	0.0	4.0	141.0	0.0	7.0	313.0	0.0	127.0	4.0	9.0	111.0	47.0	247.0	0.0	37.0	213.0	1.0	791.0	220.0	0.0	938.0	0.0	197.0	9.0	0.0	0.0	195.0	821.0
Bacteria;Planctomycetes;Other;Other;Other	0.0	0.0	0.0	0.0	0.0	0.0	0.0	0.0	0.0	0.0	0.0	0.0	6.0	0.0	0.0	0.0	0.0	0.0	0.0	0.0	0.0	0.0	0.0	0.0	0.0	0.0	0.0	0.0	0.0	0.0	0.0	0.0	0.0	0.0	0.0	0.0	0.0	0.0	0.0	0.0	0.0	0.0	0.0	0.0	0.0	0.0	0.0	0.0	0.0	0.0	0.0	0.0	0.0	0.0	0.0	0.0	0.0	0.0	0.0	0.0	0.0	0.0	0.0	0.0	0.0	0.0	0.0	0.0	0.0	0.0	0.0	0.0	0.0	0.0	0.0	0.0	0.0	0.0	0.0	0.0	0.0	0.0	0.0	0.0	0.0	0.0	0.0	0.0
Bacteria;Planctomycetes;Phycisphaerae;Phycisphaerales;Phycisphaeraceae	0.0	0.0	0.0	0.0	0.0	0.0	0.0	0.0	0.0	0.0	0.0	0.0	0.0	0.0	113.0	0.0	0.0	173.0	0.0	0.0	0.0	0.0	0.0	0.0	0.0	0.0	0.0	0.0	0.0	0.0	0.0	0.0	0.0	0.0	0.0	0.0	0.0	0.0	0.0	0.0	0.0	0.0	2.0	0.0	0.0	0.0	0.0	0.0	0.0	0.0	0.0	0.0	0.0	0.0	0.0	0.0	0.0	0.0	0.0	0.0	0.0	0.0	0.0	0.0	0.0	0.0	22.0	0.0	0.0	0.0	0.0	0.0	0.0	0.0	0.0	0.0	0.0	0.0	0.0	0.0	0.0	0.0	0.0	0.0	0.0	0.0	0.0	0.0
Bacteria;Planctomycetes;Unclassified;Planctomycetales;Planctomycetaceae	0.0	0.0	0.0	0.0	0.0	0.0	0.0	0.0	0.0	0.0	0.0	0.0	0.0	258.0	0.0	0.0	0.0	0.0	0.0	0.0	0.0	0.0	0.0	0.0	0.0	0.0	0.0	0.0	0.0	0.0	0.0	0.0	0.0	0.0	0.0	0.0	0.0	0.0	1.0	0.0	2.0	0.0	0.0	0.0	0.0	0.0	0.0	0.0	0.0	0.0	0.0	0.0	0.0	0.0	0.0	0.0	0.0	0.0	0.0	0.0	0.0	0.0	0.0	0.0	0.0	0.0	0.0	0.0	0.0	0.0	0.0	0.0	0.0	0.0	0.0	0.0	0.0	0.0	0.0	0.0	0.0	0.0	0.0	0.0	0.0	0.0	0.0	0.0
Bacteria;Proteobacteria;Alphaproteobacteria;Caulobacterales;Caulobacteraceae	1917.0	4601.0	1076.0	772.0	4009.0	1498.0	4531.0	1319.0	2374.0	1863.0	231.0	10.0	128.0	1794.0	4431.0	3510.0	350.0	4057.0	2116.0	3061.0	1952.0	1643.0	1141.0	1904.0	1738.0	805.0	1745.0	778.0	1146.0	632.0	2744.0	1271.0	1298.0	2170.0	882.0	825.0	977.0	1184.0	2202.0	1967.0	149.0	2096.0	183.0	2007.0	679.0	3594.0	2842.0	3108.0	626.0	2037.0	805.0	3029.0	2277.0	2216.0	1418.0	430.0	63.0	1008.0	446.0	1353.0	3977.0	152.0	5081.0	1430.0	5421.0	4229.0	404.0	3761.0	110.0	1683.0	1399.0	1744.0	1875.0	1403.0	515.0	4161.0	905.0	2643.0	3203.0	201.0	5550.0	2175.0	3465.0	1105.0	3151.0	2341.0	1451.0	3776.0
Bacteria;Proteobacteria;Alphaproteobacteria;Caulobacterales;Hyphomonadaceae	0.0	0.0	0.0	0.0	14.0	0.0	0.0	0.0	0.0	0.0	0.0	0.0	0.0	0.0	0.0	0.0	0.0	0.0	0.0	0.0	0.0	0.0	0.0	128.0	0.0	0.0	0.0	0.0	0.0	0.0	0.0	0.0	0.0	0.0	0.0	0.0	0.0	0.0	0.0	0.0	0.0	0.0	0.0	0.0	0.0	0.0	73.0	0.0	0.0	0.0	0.0	0.0	0.0	0.0	0.0	0.0	0.0	12.0	0.0	0.0	0.0	0.0	0.0	0.0	0.0	0.0	0.0	0.0	0.0	0.0	0.0	0.0	0.0	0.0	0.0	0.0	0.0	1.0	0.0	0.0	0.0	0.0	40.0	0.0	0.0	0.0	0.0	0.0
Bacteria;Proteobacteria;Alphaproteobacteria;Other;Other	0.0	0.0	0.0	12.0	0.0	0.0	0.0	0.0	0.0	0.0	0.0	0.0	0.0	0.0	228.0	0.0	0.0	0.0	104.0	0.0	0.0	11.0	0.0	13.0	0.0	0.0	0.0	0.0	0.0	0.0	0.0	207.0	0.0	14.0	0.0	21.0	0.0	18.0	0.0	0.0	0.0	0.0	1.0	0.0	0.0	0.0	0.0	0.0	0.0	0.0	23.0	0.0	0.0	0.0	0.0	0.0	1.0	93.0	0.0	0.0	0.0	1.0	78.0	0.0	0.0	1.0	0.0	80.0	1.0	0.0	8.0	69.0	0.0	0.0	0.0	0.0	0.0	0.0	0.0	0.0	0.0	0.0	0.0	0.0	0.0	0.0	9.0	0.0
Bacteria;Proteobacteria;Alphaproteobacteria;Parvularculales;Parvularculaceae	0.0	0.0	0.0	0.0	0.0	0.0	0.0	0.0	0.0	0.0	0.0	0.0	0.0	0.0	0.0	0.0	0.0	0.0	0.0	0.0	0.0	0.0	0.0	0.0	0.0	0.0	0.0	0.0	0.0	0.0	0.0	0.0	0.0	0.0	0.0	0.0	0.0	0.0	0.0	24.0	0.0	0.0	0.0	0.0	0.0	0.0	51.0	0.0	0.0	0.0	0.0	0.0	0.0	0.0	0.0	0.0	0.0	0.0	0.0	0.0	0.0	0.0	0.0	0.0	0.0	0.0	0.0	0.0	0.0	0.0	0.0	0.0	0.0	0.0	0.0	0.0	0.0	0.0	0.0	0.0	0.0	0.0	0.0	0.0	0.0	0.0	0.0	0.0
Bacteria;Proteobacteria;Alphaproteobacteria;Rhizobiales;Aurantimonadaceae	0.0	0.0	0.0	0.0	0.0	0.0	0.0	0.0	0.0	0.0	0.0	0.0	0.0	0.0	0.0	0.0	0.0	0.0	0.0	0.0	0.0	0.0	0.0	0.0	0.0	0.0	0.0	0.0	0.0	0.0	0.0	0.0	0.0	0.0	0.0	0.0	0.0	0.0	0.0	0.0	1.0	0.0	0.0	0.0	0.0	0.0	0.0	0.0	0.0	0.0	0.0	0.0	0.0	0.0	0.0	0.0	0.0	0.0	0.0	0.0	0.0	0.0	0.0	0.0	0.0	0.0	0.0	75.0	0.0	0.0	0.0	0.0	0.0	0.0	0.0	0.0	0.0	0.0	0.0	0.0	0.0	0.0	0.0	0.0	0.0	0.0	0.0	0.0
Bacteria;Proteobacteria;Alphaproteobacteria;Rhizobiales;Beijerinckiaceae	0.0	0.0	0.0	0.0	0.0	0.0	0.0	0.0	0.0	0.0	0.0	0.0	30.0	0.0	0.0	0.0	0.0	0.0	0.0	0.0	0.0	0.0	0.0	0.0	1.0	0.0	0.0	0.0	0.0	0.0	0.0	0.0	0.0	0.0	47.0	0.0	0.0	0.0	0.0	0.0	0.0	0.0	0.0	0.0	0.0	0.0	0.0	0.0	0.0	0.0	0.0	0.0	0.0	0.0	0.0	0.0	0.0	0.0	0.0	0.0	0.0	0.0	0.0	0.0	0.0	0.0	0.0	0.0	0.0	0.0	0.0	0.0	0.0	0.0	0.0	0.0	0.0	0.0	0.0	0.0	0.0	0.0	0.0	0.0	129.0	0.0	0.0	0.0
Bacteria;Proteobacteria;Alphaproteobacteria;Rhizobiales;Bradyrhizobiaceae	1234.0	2515.0	1740.0	1094.0	2361.0	1397.0	4196.0	1167.0	1305.0	1450.0	206.0	7.0	73.0	1236.0	4397.0	2955.0	337.0	1575.0	1476.0	2127.0	3466.0	1678.0	352.0	1476.0	1492.0	368.0	2878.0	1377.0	1381.0	784.0	1233.0	1207.0	461.0	1794.0	665.0	1604.0	1450.0	1264.0	1605.0	2389.0	165.0	1685.0	249.0	2472.0	2320.0	3182.0	1534.0	1638.0	304.0	1522.0	718.0	1153.0	1935.0	1812.0	1418.0	415.0	59.0	1347.0	277.0	1065.0	3181.0	108.0	2571.0	1050.0	2299.0	4871.0	249.0	646.0	53.0	1077.0	1814.0	1795.0	1735.0	1146.0	311.0	3240.0	629.0	3647.0	2557.0	543.0	919.0	920.0	2586.0	911.0	1713.0	1877.0	1009.0	3462.0
Bacteria;Proteobacteria;Alphaproteobacteria;Rhizobiales;Brucellaceae	0.0	98.0	0.0	0.0	0.0	0.0	0.0	0.0	0.0	0.0	0.0	0.0	198.0	0.0	0.0	260.0	0.0	0.0	1.0	0.0	0.0	0.0	4.0	0.0	0.0	0.0	0.0	0.0	0.0	0.0	0.0	0.0	0.0	0.0	0.0	0.0	0.0	0.0	0.0	0.0	223.0	104.0	12.0	251.0	0.0	0.0	0.0	0.0	0.0	0.0	0.0	0.0	0.0	0.0	72.0	14.0	0.0	27.0	12.0	0.0	0.0	0.0	0.0	0.0	0.0	0.0	0.0	1.0	1.0	9.0	0.0	0.0	0.0	0.0	0.0	0.0	0.0	0.0	0.0	0.0	0.0	0.0	49.0	29.0	0.0	0.0	0.0	291.0
Bacteria;Proteobacteria;Alphaproteobacteria;Rhizobiales;Hyphomicrobiaceae	0.0	0.0	234.0	0.0	0.0	0.0	0.0	0.0	0.0	175.0	0.0	0.0	320.0	0.0	152.0	0.0	43.0	0.0	0.0	0.0	0.0	0.0	3.0	0.0	0.0	0.0	178.0	0.0	0.0	5.0	0.0	0.0	0.0	0.0	0.0	0.0	25.0	1.0	157.0	520.0	811.0	0.0	8.0	10.0	0.0	0.0	0.0	0.0	0.0	0.0	0.0	160.0	219.0	0.0	226.0	83.0	8.0	0.0	16.0	0.0	0.0	0.0	64.0	1.0	0.0	0.0	0.0	2.0	23.0	41.0	87.0	0.0	13.0	0.0	0.0	0.0	0.0	0.0	0.0	0.0	401.0	0.0	1.0	24.0	0.0	0.0	29.0	221.0
Bacteria;Proteobacteria;Alphaproteobacteria;Rhizobiales;Methylobacteriaceae	70.0	801.0	399.0	524.0	405.0	7605.0	532.0	41.0	564.0	569.0	21114.0	159.0	5.0	461.0	3118.0	512.0	62.0	5.0	89.0	221.0	70.0	55.0	201.0	222.0	76.0	213.0	846.0	56.0	331.0	43.0	418.0	135.0	1061.0	267.0	140.0	323.0	47.0	151.0	171.0	80.0	70.0	6779.0	72.0	332.0	1048.0	1711.0	786.0	1279.0	74.0	611.0	469.0	668.0	203.0	465.0	55.0	242.0	68.0	141.0	74.0	69.0	73.0	38.0	493.0	101.0	62.0	1000.0	3.0	718.0	30.0	789.0	561.0	258.0	60.0	33.0	103.0	1659.0	108.0	3185.0	210.0	43.0	1627.0	0.0	818.0	302.0	144.0	204.0	543.0	236.0
Bacteria;Proteobacteria;Alphaproteobacteria;Rhizobiales;Other	0.0	0.0	452.0	0.0	132.0	0.0	0.0	130.0	0.0	0.0	0.0	0.0	3.0	87.0	78.0	0.0	16.0	255.0	56.0	0.0	94.0	89.0	291.0	19.0	6.0	2.0	0.0	170.0	1.0	0.0	0.0	0.0	0.0	55.0	10.0	289.0	3.0	75.0	1.0	0.0	2.0	17.0	5.0	32.0	18.0	62.0	48.0	0.0	2.0	291.0	0.0	0.0	93.0	62.0	0.0	1.0	0.0	0.0	89.0	208.0	88.0	0.0	0.0	2.0	9.0	2.0	22.0	63.0	1.0	15.0	156.0	0.0	36.0	307.0	60.0	169.0	230.0	100.0	132.0	0.0	0.0	126.0	5.0	17.0	0.0	112.0	0.0	8.0
Bacteria;Proteobacteria;Alphaproteobacteria;Rhizobiales;Phyllobacteriaceae	0.0	0.0	0.0	0.0	5.0	0.0	0.0	0.0	0.0	84.0	0.0	0.0	274.0	274.0	0.0	6.0	5.0	12.0	136.0	0.0	0.0	0.0	0.0	97.0	0.0	205.0	0.0	0.0	113.0	10.0	47.0	0.0	21.0	511.0	0.0	111.0	0.0	25.0	147.0	0.0	98.0	0.0	63.0	0.0	0.0	0.0	0.0	67.0	4.0	0.0	0.0	0.0	0.0	0.0	239.0	7.0	31.0	25.0	1.0	0.0	701.0	6.0	1.0	0.0	332.0	3.0	9.0	4.0	7.0	1.0	192.0	8.0	91.0	587.0	9.0	0.0	0.0	455.0	27.0	0.0	0.0	0.0	0.0	59.0	0.0	0.0	0.0	3.0
Bacteria;Proteobacteria;Alphaproteobacteria;Rhizobiales;Rhizobiaceae	81.0	0.0	3.0	55.0	0.0	0.0	311.0	0.0	0.0	0.0	0.0	1.0	4.0	19.0	31.0	0.0	0.0	177.0	44.0	0.0	0.0	117.0	7.0	7.0	113.0	52.0	0.0	82.0	3.0	14.0	0.0	0.0	0.0	8.0	0.0	0.0	0.0	0.0	31.0	1.0	7.0	206.0	2.0	0.0	2.0	0.0	347.0	144.0	0.0	18.0	5.0	35.0	0.0	0.0	0.0	0.0	8.0	1.0	0.0	39.0	0.0	3.0	0.0	225.0	0.0	111.0	0.0	225.0	0.0	0.0	199.0	632.0	0.0	0.0	0.0	0.0	0.0	0.0	0.0	0.0	72.0	0.0	0.0	23.0	0.0	0.0	0.0	0.0
Bacteria;Proteobacteria;Alphaproteobacteria;Rhizobiales;Rhodobiaceae	0.0	0.0	0.0	0.0	0.0	0.0	0.0	0.0	0.0	0.0	0.0	0.0	63.0	0.0	0.0	0.0	1.0	0.0	0.0	0.0	0.0	0.0	0.0	0.0	0.0	0.0	0.0	0.0	0.0	0.0	0.0	0.0	0.0	0.0	0.0	0.0	0.0	0.0	0.0	0.0	96.0	0.0	0.0	0.0	0.0	0.0	0.0	2.0	0.0	0.0	0.0	0.0	0.0	0.0	189.0	0.0	0.0	0.0	0.0	0.0	0.0	0.0	0.0	0.0	0.0	0.0	0.0	0.0	0.0	0.0	3.0	109.0	0.0	0.0	0.0	0.0	0.0	0.0	0.0	0.0	0.0	0.0	0.0	0.0	0.0	0.0	0.0	0.0
Bacteria;Proteobacteria;Alphaproteobacteria;Rhizobiales;Unclassified	0.0	0.0	0.0	0.0	0.0	0.0	0.0	0.0	0.0	0.0	0.0	0.0	0.0	0.0	0.0	0.0	0.0	0.0	0.0	0.0	0.0	0.0	0.0	18.0	0.0	0.0	0.0	0.0	0.0	0.0	0.0	0.0	0.0	0.0	0.0	0.0	0.0	0.0	0.0	0.0	0.0	0.0	0.0	0.0	0.0	0.0	0.0	0.0	0.0	0.0	0.0	0.0	0.0	0.0	0.0	0.0	0.0	0.0	0.0	0.0	0.0	0.0	0.0	0.0	0.0	0.0	0.0	0.0	0.0	0.0	0.0	0.0	0.0	0.0	10.0	0.0	0.0	0.0	0.0	0.0	0.0	0.0	0.0	0.0	0.0	0.0	38.0	0.0
Bacteria;Proteobacteria;Alphaproteobacteria;Rhizobiales;Xanthobacteraceae	0.0	77.0	0.0	0.0	0.0	0.0	0.0	0.0	0.0	0.0	0.0	0.0	0.0	0.0	131.0	0.0	0.0	4.0	0.0	0.0	0.0	0.0	0.0	0.0	0.0	1.0	0.0	0.0	0.0	0.0	0.0	165.0	0.0	0.0	0.0	0.0	0.0	0.0	0.0	0.0	17.0	0.0	9.0	73.0	0.0	0.0	0.0	0.0	0.0	0.0	0.0	0.0	0.0	0.0	0.0	0.0	0.0	0.0	0.0	0.0	0.0	0.0	0.0	0.0	0.0	0.0	0.0	0.0	0.0	0.0	0.0	0.0	0.0	12.0	0.0	0.0	0.0	0.0	0.0	2.0	0.0	0.0	0.0	0.0	0.0	0.0	0.0	0.0
Bacteria;Proteobacteria;Alphaproteobacteria;Rhodobacterales;Rhodobacteraceae	758.0	52.0	108.0	34.0	369.0	131.0	0.0	126.0	3.0	356.0	0.0	3.0	1555.0	6.0	552.0	0.0	42.0	0.0	7.0	180.0	112.0	0.0	0.0	29.0	88.0	389.0	143.0	22.0	14.0	2.0	410.0	0.0	36.0	125.0	0.0	103.0	0.0	222.0	124.0	637.0	3938.0	57.0	1.0	198.0	3.0	0.0	316.0	466.0	22.0	343.0	151.0	62.0	0.0	182.0	714.0	56.0	88.0	253.0	8.0	9.0	0.0	5.0	137.0	550.0	0.0	0.0	0.0	4281.0	89.0	91.0	4.0	513.0	23.0	450.0	1.0	162.0	0.0	2.0	0.0	0.0	2.0	431.0	0.0	205.0	354.0	184.0	0.0	32.0
Bacteria;Proteobacteria;Alphaproteobacteria;Rhodospirillales;Acetobacteraceae	0.0	0.0	2.0	39.0	0.0	40.0	184.0	0.0	0.0	0.0	0.0	0.0	0.0	0.0	4.0	0.0	0.0	0.0	0.0	0.0	0.0	0.0	0.0	0.0	0.0	0.0	0.0	99.0	10.0	318.0	0.0	0.0	0.0	0.0	0.0	0.0	26.0	0.0	0.0	0.0	2.0	0.0	0.0	0.0	0.0	0.0	0.0	0.0	0.0	0.0	0.0	0.0	0.0	3.0	0.0	0.0	0.0	0.0	0.0	0.0	0.0	0.0	0.0	152.0	0.0	0.0	16.0	15.0	0.0	3.0	0.0	0.0	23.0	0.0	0.0	19.0	0.0	0.0	0.0	0.0	0.0	0.0	0.0	0.0	0.0	0.0	0.0	0.0
Bacteria;Proteobacteria;Alphaproteobacteria;Rhodospirillales;Other	0.0	0.0	0.0	0.0	0.0	0.0	0.0	0.0	0.0	0.0	0.0	0.0	6.0	0.0	0.0	0.0	0.0	5.0	0.0	0.0	0.0	0.0	0.0	0.0	0.0	0.0	0.0	0.0	0.0	0.0	0.0	0.0	0.0	0.0	20.0	0.0	0.0	0.0	0.0	0.0	0.0	0.0	2.0	0.0	0.0	0.0	0.0	0.0	30.0	0.0	1.0	0.0	0.0	0.0	0.0	0.0	0.0	15.0	0.0	0.0	0.0	0.0	187.0	0.0	0.0	0.0	0.0	0.0	0.0	0.0	0.0	0.0	0.0	0.0	0.0	0.0	0.0	0.0	0.0	0.0	0.0	0.0	0.0	0.0	0.0	0.0	0.0	0.0
Bacteria;Proteobacteria;Alphaproteobacteria;Rhodospirillales;Rhodospirillaceae	0.0	0.0	0.0	0.0	0.0	0.0	0.0	5.0	0.0	0.0	0.0	0.0	0.0	38.0	0.0	6.0	0.0	0.0	0.0	0.0	0.0	0.0	0.0	28.0	3.0	0.0	0.0	0.0	0.0	0.0	0.0	0.0	0.0	0.0	0.0	63.0	0.0	0.0	0.0	0.0	10.0	0.0	0.0	0.0	0.0	0.0	0.0	0.0	0.0	0.0	0.0	0.0	0.0	58.0	115.0	0.0	2.0	0.0	14.0	0.0	74.0	18.0	0.0	0.0	0.0	0.0	0.0	265.0	0.0	0.0	29.0	0.0	0.0	0.0	0.0	0.0	0.0	0.0	0.0	0.0	0.0	0.0	0.0	0.0	336.0	0.0	0.0	0.0
Bacteria;Proteobacteria;Alphaproteobacteria;Rhodospirillales;Unclassified	0.0	0.0	0.0	0.0	0.0	0.0	0.0	0.0	0.0	0.0	0.0	0.0	0.0	0.0	0.0	0.0	0.0	0.0	0.0	0.0	0.0	0.0	0.0	3.0	0.0	0.0	0.0	0.0	0.0	0.0	0.0	0.0	0.0	0.0	0.0	0.0	0.0	0.0	0.0	0.0	0.0	0.0	0.0	0.0	0.0	0.0	0.0	0.0	25.0	0.0	0.0	0.0	0.0	0.0	0.0	0.0	0.0	0.0	0.0	0.0	0.0	7.0	0.0	0.0	0.0	0.0	0.0	0.0	0.0	0.0	0.0	0.0	0.0	0.0	6.0	0.0	0.0	0.0	0.0	0.0	0.0	0.0	0.0	0.0	0.0	0.0	0.0	0.0
Bacteria;Proteobacteria;Alphaproteobacteria;Rickettsiales;Other	0.0	0.0	0.0	0.0	251.0	0.0	0.0	0.0	0.0	0.0	0.0	0.0	0.0	0.0	0.0	0.0	0.0	0.0	0.0	0.0	0.0	0.0	0.0	0.0	0.0	0.0	0.0	0.0	0.0	0.0	0.0	0.0	0.0	0.0	0.0	0.0	0.0	0.0	0.0	0.0	0.0	7.0	0.0	0.0	0.0	0.0	0.0	0.0	0.0	0.0	0.0	0.0	0.0	0.0	4.0	0.0	0.0	0.0	0.0	0.0	0.0	0.0	0.0	36.0	0.0	0.0	0.0	0.0	3.0	0.0	0.0	0.0	48.0	0.0	0.0	0.0	0.0	2.0	0.0	0.0	0.0	0.0	0.0	0.0	0.0	0.0	240.0	0.0
Bacteria;Proteobacteria;Alphaproteobacteria;Rickettsiales;Rickettsiaceae	0.0	0.0	0.0	0.0	0.0	0.0	0.0	0.0	0.0	0.0	0.0	0.0	0.0	0.0	0.0	0.0	0.0	0.0	0.0	0.0	0.0	0.0	0.0	0.0	0.0	0.0	0.0	0.0	0.0	0.0	0.0	0.0	0.0	0.0	0.0	0.0	0.0	0.0	0.0	0.0	0.0	0.0	2.0	0.0	0.0	0.0	0.0	0.0	0.0	0.0	0.0	0.0	0.0	0.0	0.0	0.0	0.0	0.0	0.0	0.0	0.0	0.0	181.0	0.0	0.0	0.0	0.0	40.0	0.0	0.0	0.0	0.0	0.0	0.0	0.0	0.0	0.0	0.0	0.0	0.0	0.0	0.0	0.0	0.0	0.0	0.0	0.0	0.0
Bacteria;Proteobacteria;Alphaproteobacteria;Rickettsiales;Unclassified	0.0	0.0	0.0	1.0	0.0	0.0	0.0	0.0	0.0	0.0	0.0	0.0	0.0	0.0	1.0	0.0	0.0	0.0	0.0	0.0	0.0	0.0	0.0	0.0	0.0	0.0	0.0	19.0	0.0	0.0	0.0	0.0	0.0	0.0	0.0	0.0	0.0	73.0	0.0	2.0	0.0	0.0	0.0	12.0	0.0	0.0	0.0	0.0	0.0	0.0	0.0	44.0	0.0	0.0	0.0	0.0	0.0	0.0	0.0	0.0	0.0	0.0	0.0	0.0	0.0	0.0	0.0	7.0	0.0	0.0	0.0	1.0	0.0	0.0	0.0	0.0	0.0	0.0	0.0	0.0	0.0	0.0	0.0	3.0	7.0	0.0	4.0	0.0
Bacteria;Proteobacteria;Alphaproteobacteria;Sphingomonadales;Erythrobacteraceae	0.0	0.0	0.0	154.0	0.0	126.0	0.0	0.0	0.0	0.0	1.0	31.0	28.0	1.0	0.0	0.0	0.0	2.0	1.0	0.0	0.0	29.0	0.0	93.0	0.0	0.0	0.0	51.0	0.0	0.0	0.0	0.0	0.0	50.0	0.0	156.0	1.0	1.0	26.0	0.0	0.0	1.0	0.0	0.0	0.0	62.0	0.0	65.0	0.0	0.0	0.0	0.0	0.0	0.0	65.0	16.0	0.0	18.0	1.0	8.0	1.0	1.0	0.0	0.0	0.0	0.0	0.0	30.0	0.0	0.0	0.0	0.0	2.0	0.0	0.0	0.0	12.0	0.0	0.0	0.0	0.0	0.0	0.0	0.0	0.0	0.0	40.0	20.0
Bacteria;Proteobacteria;Alphaproteobacteria;Sphingomonadales;Other	0.0	0.0	0.0	1.0	0.0	0.0	0.0	181.0	0.0	0.0	0.0	0.0	0.0	0.0	0.0	0.0	0.0	0.0	0.0	0.0	0.0	0.0	0.0	0.0	273.0	0.0	0.0	0.0	0.0	0.0	0.0	1.0	0.0	0.0	0.0	0.0	0.0	0.0	0.0	0.0	0.0	0.0	0.0	0.0	0.0	0.0	0.0	0.0	0.0	0.0	0.0	0.0	64.0	0.0	0.0	0.0	0.0	0.0	0.0	0.0	0.0	0.0	0.0	0.0	0.0	0.0	0.0	0.0	0.0	0.0	0.0	0.0	0.0	0.0	0.0	0.0	0.0	0.0	0.0	0.0	1.0	0.0	0.0	6.0	0.0	0.0	0.0	0.0
Bacteria;Proteobacteria;Alphaproteobacteria;Sphingomonadales;Sphingomonadaceae	8713.0	7886.0	11760.0	5663.0	9248.0	20174.0	11457.0	7224.0	11649.0	10882.0	27158.0	112.0	643.0	5246.0	14376.0	10625.0	1017.0	6432.0	4690.0	7225.0	7873.0	4344.0	5149.0	5203.0	9525.0	2590.0	21152.0	4844.0	8474.0	3531.0	8011.0	9069.0	2721.0	4153.0	2481.0	8899.0	3846.0	8056.0	6848.0	8125.0	619.0	8808.0	961.0	7128.0	25397.0	17889.0	9943.0	8776.0	1307.0	7893.0	3425.0	11759.0	14251.0	8111.0	2894.0	3233.0	301.0	3586.0	1338.0	6670.0	10755.0	341.0	6962.0	3825.0	17903.0	16858.0	2948.0	4285.0	374.0	5524.0	5416.0	10085.0	2762.0	6809.0	1441.0	10921.0	5228.0	17401.0	10129.0	2355.0	8509.0	12616.0	4067.0	5542.0	15644.0	15618.0	4702.0	6429.0
Bacteria;Proteobacteria;Betaproteobacteria;Burkholderiales;Alcaligenaceae	163.0	170.0	76.0	41.0	272.0	21.0	200.0	178.0	0.0	377.0	34.0	241.0	16248.0	489.0	2.0	1.0	230.0	134.0	92.0	52.0	28.0	362.0	363.0	148.0	185.0	38.0	0.0	196.0	418.0	512.0	378.0	55.0	346.0	371.0	194.0	0.0	184.0	80.0	476.0	0.0	7750.0	138.0	103.0	502.0	1.0	216.0	521.0	380.0	265.0	18.0	263.0	337.0	731.0	607.0	890.0	129.0	274.0	361.0	91.0	176.0	216.0	286.0	856.0	306.0	1.0	3.0	50.0	134.0	157.0	169.0	203.0	477.0	186.0	698.0	532.0	312.0	82.0	26.0	302.0	726.0	73.0	619.0	522.0	569.0	0.0	408.0	101.0	55.0
Bacteria;Proteobacteria;Betaproteobacteria;Burkholderiales;Burkholderiaceae	870.0	224.0	627.0	258.0	193.0	778.0	1077.0	1031.0	619.0	216.0	120.0	2.0	1.0	79.0	7.0	1081.0	65.0	329.0	89.0	166.0	231.0	324.0	217.0	180.0	169.0	64.0	1245.0	44.0	455.0	269.0	33.0	1270.0	151.0	26.0	32.0	269.0	274.0	385.0	249.0	80.0	7.0	316.0	14.0	367.0	179.0	200.0	476.0	4.0	98.0	764.0	172.0	509.0	44.0	863.0	124.0	217.0	5.0	126.0	133.0	61.0	48.0	0.0	535.0	13.0	883.0	529.0	86.0	276.0	14.0	510.0	372.0	879.0	451.0	286.0	67.0	153.0	106.0	635.0	320.0	81.0	136.0	1804.0	398.0	211.0	1539.0	124.0	127.0	149.0
Bacteria;Proteobacteria;Betaproteobacteria;Burkholderiales;Comamonadaceae	2562.0	3146.0	2180.0	1546.0	2690.0	2424.0	6665.0	2229.0	5613.0	3138.0	238.0	11.0	126.0	2487.0	4432.0	2377.0	554.0	2100.0	1618.0	3098.0	5635.0	1985.0	2358.0	1782.0	5040.0	922.0	6390.0	1880.0	2989.0	961.0	2862.0	3972.0	1849.0	1460.0	1421.0	3110.0	1311.0	4188.0	2187.0	5231.0	301.0	4692.0	337.0	2051.0	3022.0	5496.0	4217.0	2533.0	363.0	2759.0	682.0	4024.0	4646.0	4345.0	978.0	1755.0	94.0	1772.0	855.0	1971.0	5776.0	168.0	2921.0	2201.0	3990.0	6207.0	975.0	1370.0	124.0	3322.0	1308.0	3363.0	1439.0	2345.0	586.0	4288.0	1364.0	6634.0	3548.0	665.0	1955.0	2736.0	2892.0	1122.0	4601.0	4047.0	1669.0	2480.0
Bacteria;Proteobacteria;Betaproteobacteria;Burkholderiales;Oxalobacteraceae	1948.0	1802.0	1642.0	215.0	2608.0	1076.0	3527.0	677.0	1421.0	2247.0	147.0	9.0	44.0	595.0	614.0	393.0	49.0	750.0	901.0	913.0	3477.0	377.0	767.0	331.0	2340.0	565.0	970.0	901.0	1234.0	1440.0	611.0	1373.0	736.0	1225.0	799.0	2313.0	413.0	1826.0	640.0	11282.0	45.0	1962.0	23.0	1949.0	2554.0	2003.0	1645.0	1361.0	301.0	1437.0	501.0	552.0	1387.0	1362.0	342.0	405.0	44.0	253.0	404.0	2108.0	1818.0	53.0	849.0	1160.0	1570.0	2838.0	215.0	1697.0	65.0	450.0	1322.0	2646.0	749.0	365.0	194.0	2032.0	190.0	4003.0	2127.0	270.0	1582.0	1478.0	451.0	615.0	4182.0	3782.0	1716.0	2077.0
Bacteria;Proteobacteria;Betaproteobacteria;Hydrogenophilales;Hydrogenophilaceae	0.0	0.0	0.0	0.0	0.0	0.0	0.0	0.0	0.0	0.0	0.0	0.0	0.0	0.0	0.0	0.0	0.0	0.0	0.0	0.0	0.0	0.0	0.0	0.0	0.0	31.0	0.0	0.0	0.0	0.0	0.0	0.0	0.0	0.0	0.0	0.0	0.0	0.0	0.0	0.0	0.0	0.0	0.0	0.0	0.0	0.0	0.0	0.0	0.0	0.0	0.0	0.0	0.0	0.0	0.0	0.0	0.0	0.0	0.0	0.0	0.0	0.0	0.0	0.0	0.0	0.0	0.0	0.0	0.0	0.0	0.0	0.0	0.0	0.0	0.0	0.0	0.0	0.0	0.0	0.0	0.0	0.0	0.0	0.0	0.0	0.0	0.0	0.0
Bacteria;Proteobacteria;Betaproteobacteria;Methylophilales;Methylophilaceae	364.0	123.0	579.0	288.0	679.0	34.0	99.0	520.0	721.0	585.0	111.0	2.0	4.0	502.0	990.0	656.0	43.0	259.0	285.0	415.0	1029.0	127.0	107.0	413.0	618.0	302.0	1662.0	309.0	820.0	81.0	146.0	126.0	41.0	147.0	228.0	190.0	129.0	244.0	274.0	307.0	63.0	475.0	78.0	314.0	889.0	432.0	1398.0	556.0	40.0	543.0	184.0	397.0	609.0	396.0	230.0	201.0	19.0	186.0	137.0	588.0	102.0	35.0	265.0	363.0	1484.0	1042.0	83.0	124.0	21.0	222.0	91.0	798.0	198.0	594.0	169.0	950.0	319.0	1585.0	928.0	277.0	200.0	306.0	158.0	280.0	281.0	1628.0	364.0	1126.0
Bacteria;Proteobacteria;Betaproteobacteria;Neisseriales;Neisseriaceae	0.0	32.0	0.0	0.0	0.0	55.0	0.0	0.0	0.0	0.0	0.0	3.0	0.0	0.0	0.0	0.0	0.0	0.0	0.0	54.0	0.0	0.0	0.0	0.0	0.0	0.0	0.0	0.0	0.0	0.0	0.0	0.0	0.0	0.0	2.0	0.0	0.0	128.0	0.0	0.0	0.0	0.0	13.0	0.0	0.0	440.0	0.0	0.0	0.0	230.0	0.0	5.0	0.0	31.0	2.0	0.0	0.0	0.0	0.0	0.0	0.0	0.0	1.0	0.0	92.0	0.0	0.0	0.0	5.0	0.0	0.0	0.0	75.0	0.0	0.0	0.0	0.0	0.0	0.0	0.0	0.0	0.0	0.0	0.0	0.0	0.0	0.0	0.0
Bacteria;Proteobacteria;Betaproteobacteria;Nitrosomonadales;Gallionellaceae	0.0	0.0	0.0	0.0	0.0	0.0	0.0	0.0	0.0	0.0	0.0	0.0	0.0	0.0	0.0	0.0	0.0	0.0	0.0	0.0	0.0	0.0	0.0	0.0	0.0	0.0	0.0	0.0	0.0	0.0	0.0	0.0	0.0	0.0	0.0	0.0	0.0	0.0	0.0	0.0	13.0	0.0	0.0	0.0	0.0	0.0	0.0	0.0	0.0	0.0	0.0	0.0	0.0	0.0	0.0	0.0	0.0	0.0	0.0	0.0	0.0	0.0	0.0	0.0	0.0	0.0	0.0	0.0	0.0	0.0	0.0	0.0	0.0	0.0	0.0	0.0	0.0	0.0	0.0	0.0	0.0	0.0	0.0	0.0	0.0	0.0	0.0	0.0
Bacteria;Proteobacteria;Betaproteobacteria;Nitrosomonadales;Nitrosomonadaceae	0.0	0.0	0.0	0.0	0.0	0.0	0.0	0.0	0.0	0.0	0.0	0.0	0.0	146.0	0.0	0.0	0.0	0.0	0.0	0.0	0.0	0.0	0.0	0.0	0.0	0.0	0.0	0.0	0.0	0.0	0.0	0.0	0.0	0.0	0.0	0.0	0.0	0.0	0.0	0.0	0.0	0.0	0.0	0.0	0.0	0.0	0.0	0.0	0.0	0.0	0.0	0.0	0.0	0.0	0.0	0.0	0.0	0.0	0.0	0.0	0.0	0.0	0.0	0.0	0.0	0.0	0.0	0.0	0.0	0.0	7.0	0.0	0.0	0.0	0.0	0.0	0.0	0.0	0.0	0.0	0.0	0.0	0.0	0.0	0.0	0.0	0.0	25.0
Bacteria;Proteobacteria;Betaproteobacteria;Other;Other	0.0	0.0	0.0	0.0	0.0	0.0	0.0	0.0	344.0	0.0	0.0	0.0	0.0	0.0	0.0	0.0	0.0	0.0	0.0	0.0	0.0	0.0	0.0	0.0	0.0	155.0	0.0	0.0	0.0	0.0	0.0	0.0	0.0	0.0	0.0	0.0	0.0	1.0	0.0	251.0	0.0	0.0	0.0	0.0	0.0	5.0	0.0	0.0	0.0	0.0	0.0	0.0	0.0	0.0	0.0	0.0	0.0	0.0	0.0	0.0	0.0	0.0	0.0	0.0	0.0	0.0	0.0	0.0	0.0	9.0	0.0	0.0	0.0	0.0	0.0	11.0	0.0	0.0	0.0	0.0	0.0	0.0	0.0	0.0	0.0	0.0	0.0	0.0
Bacteria;Proteobacteria;Betaproteobacteria;Rhodocyclales;Rhodocyclaceae	53.0	113.0	2.0	39.0	0.0	0.0	401.0	0.0	0.0	0.0	1.0	0.0	2.0	33.0	0.0	0.0	0.0	0.0	46.0	0.0	99.0	0.0	0.0	27.0	176.0	0.0	0.0	0.0	29.0	0.0	0.0	35.0	0.0	0.0	0.0	137.0	0.0	0.0	95.0	0.0	3.0	0.0	26.0	21.0	0.0	0.0	0.0	220.0	0.0	0.0	50.0	0.0	0.0	0.0	0.0	0.0	0.0	5.0	13.0	1.0	120.0	0.0	0.0	11.0	219.0	1.0	0.0	0.0	0.0	0.0	0.0	0.0	0.0	267.0	5.0	171.0	0.0	199.0	0.0	0.0	0.0	0.0	0.0	1.0	1176.0	163.0	14.0	0.0
Bacteria;Proteobacteria;Betaproteobacteria;Unclassified;Unclassified	0.0	0.0	0.0	0.0	0.0	0.0	0.0	0.0	0.0	0.0	0.0	0.0	0.0	0.0	0.0	0.0	0.0	0.0	0.0	0.0	0.0	0.0	0.0	0.0	0.0	0.0	0.0	0.0	0.0	0.0	0.0	0.0	0.0	0.0	0.0	0.0	0.0	0.0	0.0	0.0	0.0	0.0	0.0	0.0	0.0	0.0	0.0	0.0	0.0	0.0	0.0	0.0	0.0	0.0	0.0	0.0	0.0	0.0	0.0	0.0	0.0	0.0	0.0	0.0	0.0	0.0	0.0	0.0	0.0	0.0	0.0	0.0	0.0	0.0	3.0	0.0	0.0	0.0	0.0	0.0	0.0	0.0	0.0	0.0	0.0	0.0	0.0	0.0
Bacteria;Proteobacteria;Deltaproteobacteria;Bdellovibrionales;Bacteriovoracaceae	0.0	0.0	0.0	0.0	0.0	51.0	79.0	0.0	0.0	0.0	0.0	0.0	0.0	0.0	0.0	0.0	0.0	4.0	1.0	1.0	0.0	0.0	0.0	68.0	0.0	0.0	0.0	0.0	0.0	0.0	15.0	0.0	0.0	0.0	0.0	0.0	0.0	0.0	1.0	0.0	0.0	0.0	0.0	0.0	0.0	0.0	0.0	0.0	0.0	0.0	0.0	0.0	0.0	0.0	26.0	0.0	0.0	0.0	0.0	0.0	0.0	0.0	0.0	0.0	0.0	990.0	0.0	0.0	0.0	43.0	0.0	13.0	0.0	0.0	7.0	0.0	0.0	0.0	0.0	0.0	0.0	0.0	6.0	0.0	0.0	26.0	0.0	0.0
Bacteria;Proteobacteria;Deltaproteobacteria;Bdellovibrionales;Bdellovibrionaceae	92.0	594.0	269.0	171.0	858.0	144.0	797.0	459.0	80.0	136.0	0.0	0.0	21.0	629.0	143.0	160.0	17.0	104.0	146.0	23.0	619.0	169.0	71.0	82.0	219.0	192.0	127.0	5.0	157.0	0.0	0.0	333.0	110.0	143.0	28.0	64.0	247.0	504.0	111.0	947.0	29.0	1.0	48.0	149.0	183.0	1395.0	284.0	252.0	94.0	93.0	86.0	187.0	105.0	263.0	312.0	37.0	0.0	70.0	31.0	2.0	453.0	0.0	365.0	295.0	0.0	196.0	149.0	76.0	10.0	314.0	351.0	42.0	146.0	28.0	1.0	316.0	0.0	422.0	120.0	0.0	247.0	23.0	75.0	70.0	244.0	111.0	81.0	208.0
Bacteria;Proteobacteria;Deltaproteobacteria;Desulfovibrionales;Desulfovibrionaceae	370.0	2.0	0.0	19.0	0.0	3.0	2.0	28.0	28.0	49.0	80.0	57.0	11.0	46.0	3.0	1.0	1.0	6.0	2.0	143.0	2.0	14.0	8.0	181.0	5.0	22.0	1.0	3.0	37.0	1.0	0.0	0.0	16.0	19.0	6.0	70.0	144.0	0.0	119.0	0.0	105.0	0.0	6.0	28.0	3.0	0.0	1.0	125.0	2.0	0.0	27.0	1.0	0.0	181.0	25.0	0.0	44.0	142.0	1.0	1.0	1.0	643.0	0.0	178.0	0.0	1.0	0.0	1.0	71.0	23.0	0.0	0.0	121.0	52.0	1031.0	2.0	94.0	2.0	2.0	247.0	225.0	0.0	3.0	49.0	388.0	2.0	0.0	39.0
Bacteria;Proteobacteria;Deltaproteobacteria;Myxococcales;Cystobacteraceae	0.0	0.0	0.0	0.0	0.0	0.0	0.0	0.0	0.0	0.0	0.0	0.0	0.0	0.0	0.0	0.0	0.0	0.0	0.0	0.0	0.0	0.0	0.0	0.0	0.0	0.0	0.0	0.0	0.0	0.0	0.0	0.0	0.0	0.0	0.0	0.0	0.0	0.0	0.0	0.0	0.0	0.0	0.0	0.0	0.0	0.0	0.0	30.0	0.0	0.0	0.0	0.0	0.0	0.0	0.0	0.0	0.0	0.0	0.0	0.0	0.0	0.0	0.0	0.0	0.0	0.0	0.0	0.0	0.0	0.0	0.0	0.0	0.0	0.0	0.0	0.0	0.0	0.0	0.0	0.0	0.0	0.0	0.0	0.0	0.0	0.0	0.0	0.0
Bacteria;Proteobacteria;Deltaproteobacteria;Myxococcales;Nannocystaceae	0.0	0.0	0.0	0.0	0.0	0.0	0.0	0.0	0.0	0.0	0.0	0.0	0.0	0.0	0.0	0.0	0.0	0.0	0.0	0.0	0.0	0.0	0.0	0.0	0.0	0.0	0.0	0.0	0.0	0.0	0.0	0.0	0.0	0.0	0.0	0.0	0.0	0.0	0.0	0.0	17.0	0.0	0.0	0.0	0.0	0.0	0.0	0.0	0.0	0.0	0.0	0.0	0.0	0.0	0.0	0.0	0.0	0.0	0.0	0.0	0.0	0.0	0.0	0.0	0.0	0.0	0.0	0.0	0.0	0.0	0.0	0.0	0.0	0.0	0.0	0.0	0.0	0.0	0.0	0.0	0.0	0.0	0.0	0.0	0.0	0.0	0.0	0.0
Bacteria;Proteobacteria;Deltaproteobacteria;Myxococcales;Other	0.0	87.0	0.0	0.0	53.0	214.0	0.0	36.0	48.0	0.0	1.0	0.0	0.0	85.0	0.0	0.0	0.0	0.0	0.0	5.0	0.0	0.0	0.0	0.0	0.0	57.0	145.0	0.0	27.0	0.0	0.0	0.0	0.0	0.0	37.0	162.0	89.0	0.0	13.0	208.0	0.0	0.0	0.0	0.0	0.0	0.0	0.0	0.0	1.0	0.0	21.0	115.0	0.0	72.0	0.0	0.0	0.0	7.0	0.0	0.0	0.0	1.0	0.0	0.0	0.0	190.0	0.0	0.0	0.0	6.0	0.0	1.0	0.0	54.0	15.0	0.0	0.0	1.0	0.0	0.0	0.0	0.0	0.0	0.0	0.0	0.0	0.0	0.0
Bacteria;Proteobacteria;Deltaproteobacteria;Myxococcales;Polyangiaceae	215.0	224.0	95.0	16.0	0.0	115.0	78.0	109.0	310.0	214.0	11.0	0.0	2.0	0.0	523.0	0.0	12.0	190.0	14.0	256.0	137.0	339.0	240.0	44.0	0.0	104.0	604.0	9.0	253.0	7.0	0.0	24.0	0.0	0.0	43.0	0.0	207.0	12.0	64.0	267.0	10.0	30.0	2.0	18.0	16.0	325.0	297.0	3.0	102.0	380.0	194.0	64.0	80.0	148.0	73.0	116.0	6.0	29.0	0.0	59.0	10.0	5.0	0.0	146.0	785.0	130.0	0.0	113.0	36.0	27.0	39.0	1.0	37.0	47.0	0.0	203.0	1.0	191.0	67.0	3.0	0.0	10.0	56.0	0.0	0.0	0.0	197.0	0.0
Bacteria;Proteobacteria;Deltaproteobacteria;Myxococcales;Sandaracinaceae	0.0	0.0	0.0	0.0	0.0	0.0	0.0	0.0	0.0	0.0	0.0	0.0	0.0	0.0	0.0	0.0	0.0	20.0	0.0	0.0	0.0	0.0	0.0	0.0	0.0	0.0	0.0	0.0	0.0	0.0	0.0	1.0	0.0	0.0	0.0	0.0	0.0	22.0	0.0	0.0	0.0	0.0	0.0	0.0	0.0	0.0	0.0	0.0	0.0	0.0	0.0	0.0	0.0	0.0	0.0	0.0	0.0	0.0	0.0	0.0	0.0	0.0	0.0	0.0	0.0	0.0	0.0	0.0	0.0	0.0	0.0	0.0	133.0	0.0	0.0	0.0	0.0	0.0	0.0	0.0	0.0	0.0	80.0	0.0	0.0	303.0	0.0	0.0
Bacteria;Proteobacteria;Deltaproteobacteria;Myxococcales;Unclassified	0.0	112.0	0.0	0.0	0.0	0.0	0.0	0.0	0.0	0.0	0.0	0.0	0.0	0.0	0.0	0.0	47.0	0.0	0.0	0.0	0.0	0.0	0.0	0.0	0.0	0.0	0.0	0.0	0.0	0.0	0.0	0.0	0.0	0.0	0.0	0.0	0.0	0.0	0.0	0.0	0.0	0.0	0.0	0.0	0.0	0.0	0.0	0.0	0.0	26.0	25.0	0.0	0.0	0.0	5.0	0.0	0.0	14.0	0.0	0.0	0.0	0.0	0.0	0.0	0.0	6.0	0.0	0.0	0.0	0.0	0.0	0.0	0.0	0.0	0.0	0.0	0.0	0.0	0.0	0.0	0.0	0.0	0.0	0.0	0.0	0.0	0.0	0.0
Bacteria;Proteobacteria;Deltaproteobacteria;Other;Other	0.0	0.0	0.0	0.0	0.0	0.0	0.0	0.0	0.0	0.0	0.0	0.0	0.0	22.0	0.0	0.0	0.0	0.0	0.0	0.0	0.0	0.0	0.0	0.0	0.0	0.0	0.0	0.0	0.0	0.0	0.0	0.0	0.0	0.0	0.0	0.0	0.0	0.0	0.0	0.0	0.0	0.0	0.0	0.0	0.0	0.0	0.0	0.0	0.0	0.0	0.0	0.0	0.0	0.0	0.0	0.0	0.0	0.0	0.0	0.0	0.0	0.0	7.0	0.0	0.0	0.0	0.0	0.0	0.0	0.0	0.0	0.0	0.0	0.0	0.0	0.0	24.0	0.0	0.0	0.0	0.0	0.0	0.0	0.0	0.0	0.0	0.0	0.0
Bacteria;Proteobacteria;Epsilonproteobacteria;Campylobacterales;Campylobacteraceae	0.0	0.0	0.0	1.0	0.0	1.0	0.0	0.0	1.0	0.0	10.0	2.0	0.0	0.0	0.0	0.0	0.0	0.0	0.0	0.0	0.0	1.0	0.0	2.0	0.0	0.0	0.0	1.0	0.0	0.0	0.0	0.0	0.0	0.0	7.0	0.0	0.0	0.0	0.0	0.0	0.0	0.0	0.0	0.0	0.0	0.0	0.0	0.0	0.0	0.0	0.0	3.0	0.0	0.0	2.0	0.0	2.0	0.0	0.0	0.0	0.0	0.0	0.0	0.0	0.0	0.0	0.0	0.0	0.0	0.0	1.0	1.0	3.0	0.0	0.0	0.0	0.0	0.0	0.0	1.0	0.0	0.0	0.0	0.0	0.0	1.0	0.0	0.0
Bacteria;Proteobacteria;Epsilonproteobacteria;Campylobacterales;Helicobacteraceae	1.0	0.0	1.0	0.0	0.0	0.0	0.0	0.0	1.0	0.0	1.0	0.0	0.0	1.0	0.0	0.0	0.0	0.0	0.0	0.0	0.0	0.0	0.0	0.0	0.0	1.0	0.0	0.0	0.0	1.0	0.0	0.0	0.0	0.0	0.0	0.0	0.0	0.0	0.0	0.0	1.0	0.0	0.0	0.0	0.0	0.0	0.0	0.0	0.0	0.0	0.0	1.0	0.0	0.0	0.0	0.0	0.0	1.0	0.0	0.0	0.0	0.0	0.0	1.0	0.0	1.0	0.0	0.0	0.0	0.0	0.0	0.0	2.0	0.0	0.0	0.0	0.0	0.0	0.0	2.0	0.0	1.0	0.0	0.0	0.0	0.0	0.0	0.0
Bacteria;Proteobacteria;Gammaproteobacteria;Acidithiobacillales;Other	0.0	0.0	0.0	0.0	0.0	0.0	0.0	0.0	0.0	0.0	0.0	0.0	0.0	0.0	0.0	0.0	0.0	0.0	0.0	0.0	0.0	0.0	0.0	0.0	0.0	0.0	0.0	0.0	113.0	0.0	0.0	0.0	0.0	0.0	0.0	0.0	0.0	0.0	0.0	0.0	0.0	0.0	0.0	0.0	0.0	0.0	0.0	0.0	0.0	0.0	0.0	0.0	0.0	0.0	0.0	0.0	0.0	0.0	0.0	0.0	0.0	0.0	0.0	0.0	0.0	0.0	0.0	0.0	0.0	0.0	0.0	0.0	0.0	0.0	0.0	0.0	0.0	0.0	0.0	0.0	0.0	0.0	0.0	0.0	0.0	0.0	0.0	0.0
Bacteria;Proteobacteria;Gammaproteobacteria;Aeromonadales;Aeromonadaceae	0.0	0.0	0.0	0.0	0.0	0.0	0.0	0.0	0.0	118.0	0.0	0.0	0.0	0.0	0.0	0.0	0.0	0.0	27.0	0.0	0.0	0.0	25.0	0.0	22.0	0.0	0.0	0.0	0.0	0.0	0.0	0.0	0.0	0.0	0.0	0.0	0.0	0.0	0.0	0.0	0.0	0.0	0.0	0.0	0.0	0.0	0.0	0.0	0.0	0.0	0.0	0.0	0.0	0.0	0.0	0.0	0.0	0.0	0.0	0.0	0.0	0.0	0.0	206.0	0.0	1.0	0.0	0.0	0.0	0.0	174.0	0.0	1.0	0.0	0.0	0.0	0.0	0.0	0.0	0.0	0.0	0.0	0.0	0.0	0.0	0.0	0.0	0.0
Bacteria;Proteobacteria;Gammaproteobacteria;Alteromonadales;Alteromonadaceae	0.0	0.0	0.0	0.0	0.0	0.0	111.0	0.0	0.0	0.0	0.0	0.0	0.0	0.0	0.0	0.0	0.0	0.0	0.0	0.0	0.0	0.0	0.0	0.0	0.0	0.0	0.0	0.0	5.0	0.0	0.0	0.0	0.0	18.0	0.0	0.0	62.0	0.0	0.0	0.0	0.0	0.0	15.0	0.0	0.0	0.0	0.0	0.0	0.0	52.0	0.0	0.0	0.0	0.0	154.0	0.0	0.0	0.0	0.0	0.0	0.0	15.0	0.0	29.0	63.0	0.0	0.0	0.0	0.0	0.0	0.0	0.0	0.0	0.0	0.0	0.0	0.0	0.0	0.0	0.0	0.0	333.0	0.0	0.0	0.0	0.0	0.0	0.0
Bacteria;Proteobacteria;Gammaproteobacteria;Alteromonadales;Pseudoalteromonadaceae	123.0	0.0	0.0	0.0	0.0	0.0	0.0	0.0	0.0	0.0	0.0	0.0	0.0	0.0	0.0	0.0	0.0	0.0	0.0	0.0	0.0	0.0	0.0	0.0	0.0	0.0	0.0	0.0	0.0	0.0	0.0	0.0	0.0	0.0	0.0	0.0	0.0	0.0	0.0	0.0	0.0	0.0	0.0	0.0	0.0	0.0	0.0	0.0	0.0	0.0	0.0	0.0	0.0	0.0	0.0	0.0	1.0	0.0	0.0	0.0	0.0	0.0	0.0	0.0	0.0	0.0	0.0	0.0	0.0	0.0	0.0	0.0	0.0	0.0	0.0	0.0	0.0	0.0	0.0	0.0	0.0	0.0	0.0	0.0	0.0	0.0	0.0	0.0
Bacteria;Proteobacteria;Gammaproteobacteria;Chromatiales;Chromatiaceae	0.0	0.0	0.0	0.0	0.0	0.0	0.0	0.0	0.0	0.0	0.0	0.0	0.0	0.0	6.0	0.0	0.0	0.0	0.0	0.0	0.0	0.0	0.0	0.0	0.0	0.0	0.0	0.0	0.0	0.0	0.0	0.0	0.0	0.0	0.0	0.0	0.0	0.0	0.0	0.0	0.0	0.0	0.0	0.0	0.0	0.0	0.0	0.0	0.0	0.0	0.0	0.0	0.0	0.0	0.0	0.0	0.0	0.0	0.0	0.0	0.0	0.0	0.0	0.0	0.0	0.0	0.0	0.0	0.0	0.0	0.0	0.0	0.0	0.0	0.0	0.0	0.0	0.0	0.0	0.0	0.0	0.0	0.0	0.0	0.0	0.0	7.0	0.0
Bacteria;Proteobacteria;Gammaproteobacteria;Chromatiales;Ectothiorhodospiraceae	0.0	0.0	0.0	0.0	0.0	0.0	0.0	5.0	0.0	0.0	0.0	0.0	0.0	0.0	0.0	0.0	0.0	0.0	0.0	0.0	0.0	0.0	0.0	0.0	0.0	0.0	0.0	0.0	0.0	0.0	0.0	0.0	0.0	0.0	32.0	0.0	0.0	0.0	0.0	0.0	0.0	0.0	0.0	0.0	0.0	0.0	0.0	0.0	0.0	0.0	0.0	0.0	0.0	0.0	0.0	0.0	0.0	0.0	0.0	0.0	0.0	0.0	0.0	0.0	0.0	0.0	0.0	0.0	0.0	0.0	0.0	0.0	0.0	0.0	0.0	0.0	0.0	0.0	0.0	0.0	0.0	0.0	0.0	0.0	0.0	0.0	0.0	0.0
Bacteria;Proteobacteria;Gammaproteobacteria;Enterobacteriales;Enterobacteriaceae	633.0	2429.0	2345.0	1221.0	2692.0	1568.0	1538.0	529.0	1527.0	748.0	977.0	339.0	454.0	794.0	14.0	3.0	2270.0	924.0	1881.0	928.0	1597.0	1099.0	371.0	815.0	1385.0	426.0	36.0	1583.0	212.0	3343.0	321.0	562.0	1526.0	863.0	323.0	3493.0	1502.0	368.0	491.0	649.0	181.0	1466.0	2903.0	137.0	696.0	2318.0	115.0	318.0	3028.0	2861.0	1562.0	1172.0	694.0	2522.0	188.0	1419.0	428.0	649.0	2295.0	1361.0	589.0	1687.0	530.0	548.0	1050.0	910.0	1939.0	567.0	373.0	453.0	77.0	2143.0	635.0	632.0	2313.0	1733.0	1061.0	701.0	1599.0	862.0	1760.0	694.0	3922.0	719.0	555.0	826.0	1544.0	607.0
Bacteria;Proteobacteria;Gammaproteobacteria;Legionellales;Coxiellaceae	0.0	0.0	0.0	0.0	0.0	0.0	0.0	0.0	0.0	0.0	0.0	0.0	1.0	0.0	0.0	0.0	0.0	0.0	15.0	48.0	0.0	0.0	0.0	0.0	0.0	0.0	0.0	0.0	0.0	0.0	0.0	0.0	0.0	0.0	0.0	0.0	0.0	0.0	45.0	0.0	0.0	0.0	0.0	0.0	0.0	0.0	0.0	0.0	0.0	0.0	0.0	0.0	0.0	23.0	0.0	0.0	0.0	0.0	0.0	0.0	0.0	0.0	0.0	0.0	0.0	0.0	0.0	0.0	0.0	0.0	0.0	0.0	0.0	0.0	0.0	0.0	0.0	0.0	0.0	0.0	0.0	0.0	0.0	0.0	0.0	0.0	0.0	0.0
Bacteria;Proteobacteria;Gammaproteobacteria;Legionellales;Legionellaceae	0.0	0.0	0.0	0.0	0.0	0.0	0.0	106.0	0.0	0.0	0.0	0.0	4.0	0.0	0.0	0.0	0.0	0.0	0.0	0.0	0.0	0.0	0.0	0.0	0.0	0.0	0.0	0.0	0.0	0.0	0.0	0.0	0.0	0.0	0.0	0.0	0.0	0.0	0.0	0.0	5.0	0.0	0.0	0.0	0.0	0.0	0.0	0.0	0.0	0.0	0.0	0.0	0.0	0.0	0.0	0.0	0.0	0.0	0.0	0.0	0.0	0.0	0.0	0.0	0.0	0.0	0.0	0.0	0.0	0.0	0.0	0.0	0.0	0.0	0.0	0.0	0.0	0.0	0.0	0.0	1.0	0.0	0.0	3.0	0.0	0.0	0.0	0.0
Bacteria;Proteobacteria;Gammaproteobacteria;Oceanospirillales;Alcanivoracaceae	0.0	0.0	0.0	0.0	0.0	0.0	0.0	0.0	0.0	0.0	0.0	0.0	6.0	0.0	0.0	0.0	0.0	0.0	0.0	0.0	0.0	0.0	0.0	0.0	0.0	0.0	0.0	0.0	0.0	0.0	0.0	0.0	0.0	0.0	0.0	0.0	0.0	0.0	0.0	0.0	30.0	0.0	0.0	0.0	0.0	0.0	0.0	0.0	0.0	0.0	0.0	0.0	0.0	0.0	0.0	0.0	0.0	0.0	0.0	0.0	0.0	0.0	0.0	0.0	0.0	0.0	0.0	0.0	0.0	0.0	0.0	0.0	0.0	0.0	0.0	0.0	0.0	0.0	0.0	0.0	0.0	0.0	0.0	0.0	0.0	0.0	0.0	0.0
Bacteria;Proteobacteria;Gammaproteobacteria;Oceanospirillales;Halomonadaceae	0.0	0.0	0.0	0.0	0.0	0.0	0.0	0.0	0.0	194.0	0.0	0.0	0.0	0.0	0.0	0.0	0.0	0.0	0.0	0.0	0.0	0.0	0.0	0.0	0.0	0.0	0.0	0.0	0.0	0.0	0.0	0.0	0.0	0.0	0.0	0.0	0.0	0.0	0.0	0.0	0.0	0.0	0.0	48.0	0.0	0.0	0.0	0.0	0.0	0.0	0.0	0.0	0.0	0.0	0.0	0.0	0.0	0.0	0.0	0.0	0.0	0.0	0.0	0.0	0.0	0.0	0.0	0.0	0.0	0.0	0.0	0.0	0.0	0.0	0.0	0.0	0.0	0.0	0.0	0.0	0.0	0.0	0.0	0.0	0.0	0.0	0.0	0.0
Bacteria;Proteobacteria;Gammaproteobacteria;Oceanospirillales;Oceanospirillaceae	0.0	0.0	0.0	0.0	0.0	0.0	0.0	0.0	0.0	0.0	0.0	0.0	59.0	0.0	0.0	0.0	1.0	0.0	0.0	1.0	0.0	0.0	0.0	0.0	0.0	0.0	0.0	0.0	0.0	0.0	0.0	0.0	0.0	0.0	0.0	0.0	0.0	0.0	0.0	0.0	10.0	0.0	0.0	0.0	0.0	0.0	0.0	0.0	0.0	0.0	0.0	0.0	0.0	0.0	0.0	0.0	0.0	0.0	0.0	0.0	0.0	0.0	0.0	0.0	0.0	233.0	0.0	1.0	0.0	41.0	0.0	0.0	0.0	0.0	0.0	0.0	0.0	0.0	0.0	0.0	0.0	0.0	0.0	0.0	0.0	0.0	0.0	0.0
Bacteria;Proteobacteria;Gammaproteobacteria;Oceanospirillales;Oleiphilaceae	0.0	0.0	0.0	0.0	0.0	0.0	0.0	0.0	0.0	0.0	0.0	0.0	0.0	0.0	0.0	0.0	32.0	0.0	0.0	0.0	0.0	0.0	0.0	0.0	0.0	0.0	0.0	0.0	0.0	0.0	0.0	0.0	0.0	0.0	0.0	0.0	0.0	0.0	0.0	0.0	0.0	0.0	0.0	0.0	0.0	0.0	0.0	0.0	0.0	0.0	0.0	0.0	0.0	0.0	0.0	0.0	0.0	0.0	0.0	0.0	0.0	0.0	0.0	0.0	0.0	0.0	0.0	0.0	0.0	0.0	0.0	0.0	0.0	0.0	0.0	0.0	0.0	0.0	0.0	0.0	0.0	0.0	0.0	0.0	0.0	0.0	0.0	0.0
Bacteria;Proteobacteria;Gammaproteobacteria;Other;Other	0.0	0.0	1.0	0.0	0.0	0.0	164.0	0.0	0.0	0.0	0.0	0.0	0.0	0.0	0.0	0.0	2.0	0.0	0.0	0.0	74.0	0.0	0.0	0.0	0.0	4.0	0.0	0.0	0.0	0.0	0.0	0.0	0.0	0.0	0.0	0.0	11.0	0.0	0.0	0.0	0.0	0.0	0.0	0.0	0.0	0.0	0.0	0.0	0.0	29.0	0.0	0.0	0.0	0.0	0.0	0.0	0.0	0.0	0.0	0.0	0.0	0.0	0.0	0.0	0.0	0.0	0.0	0.0	8.0	0.0	0.0	0.0	0.0	0.0	25.0	0.0	13.0	0.0	0.0	0.0	0.0	0.0	63.0	0.0	0.0	0.0	0.0	4.0
Bacteria;Proteobacteria;Gammaproteobacteria;Pasteurellales;Pasteurellaceae	0.0	0.0	0.0	0.0	115.0	0.0	10.0	176.0	93.0	74.0	0.0	242.0	17.0	22.0	0.0	0.0	168.0	1.0	338.0	11.0	168.0	3.0	20.0	2.0	0.0	37.0	0.0	0.0	0.0	46.0	112.0	0.0	202.0	59.0	254.0	115.0	221.0	264.0	2.0	0.0	29.0	0.0	54.0	37.0	0.0	0.0	48.0	217.0	87.0	0.0	226.0	21.0	0.0	138.0	27.0	20.0	191.0	138.0	23.0	0.0	42.0	0.0	118.0	146.0	0.0	3.0	192.0	1.0	241.0	0.0	100.0	1.0	83.0	223.0	0.0	1.0	103.0	2.0	59.0	0.0	0.0	0.0	61.0	73.0	0.0	148.0	30.0	52.0
Bacteria;Proteobacteria;Gammaproteobacteria;Pseudomonadales;Moraxellaceae	2895.0	4001.0	3119.0	1471.0	3986.0	2448.0	3530.0	1816.0	3195.0	2244.0	374.0	14.0	139.0	3289.0	3864.0	4980.0	496.0	3034.0	1266.0	2526.0	2803.0	967.0	1252.0	846.0	2159.0	1042.0	2454.0	1516.0	3415.0	1856.0	4065.0	3283.0	1268.0	2614.0	891.0	2093.0	1058.0	3660.0	1285.0	2871.0	232.0	2968.0	298.0	2129.0	5904.0	6445.0	4965.0	4718.0	510.0	2475.0	1303.0	2909.0	5101.0	1427.0	1160.0	885.0	146.0	858.0	254.0	2689.0	2241.0	174.0	2480.0	1998.0	4781.0	8199.0	430.0	18126.0	189.0	1659.0	2218.0	3714.0	1324.0	1269.0	588.0	5884.0	1402.0	5256.0	1316.0	726.0	1235.0	2422.0	1201.0	1151.0	3109.0	5117.0	1826.0	2790.0
Bacteria;Proteobacteria;Gammaproteobacteria;Pseudomonadales;Pseudomonadaceae	1154.0	1992.0	1737.0	4884.0	2920.0	694.0	761.0	2751.0	2250.0	2777.0	97.0	1.0	177.0	711.0	7147.0	12221.0	154.0	805.0	562.0	1751.0	2166.0	490.0	892.0	2293.0	1659.0	5331.0	6303.0	2992.0	1220.0	551.0	673.0	1306.0	781.0	2219.0	399.0	3638.0	288.0	755.0	3113.0	3861.0	403.0	1595.0	166.0	1126.0	2886.0	1691.0	732.0	966.0	147.0	1382.0	540.0	2663.0	4544.0	2459.0	1302.0	418.0	134.0	219.0	7759.0	3242.0	1046.0	91.0	2454.0	1980.0	1688.0	3292.0	388.0	1094.0	51.0	599.0	497.0	1460.0	587.0	1336.0	343.0	1964.0	398.0	1555.0	22573.0	984.0	392.0	1053.0	580.0	875.0	1859.0	1748.0	1909.0	17072.0
Bacteria;Proteobacteria;Gammaproteobacteria;Vibrionales;Vibrionaceae	0.0	0.0	60.0	0.0	0.0	0.0	151.0	0.0	0.0	0.0	0.0	18.0	28.0	0.0	0.0	0.0	32.0	0.0	0.0	0.0	0.0	14.0	56.0	0.0	0.0	7.0	0.0	64.0	0.0	6.0	0.0	45.0	78.0	2.0	128.0	0.0	6.0	40.0	1.0	0.0	87.0	2.0	23.0	28.0	0.0	64.0	254.0	0.0	11.0	29.0	1.0	0.0	0.0	0.0	0.0	0.0	34.0	7.0	0.0	0.0	0.0	10.0	76.0	0.0	0.0	0.0	0.0	38.0	4.0	44.0	17.0	40.0	67.0	0.0	0.0	1.0	33.0	0.0	0.0	20.0	0.0	9.0	0.0	60.0	88.0	16.0	161.0	0.0
Bacteria;Proteobacteria;Gammaproteobacteria;Xanthomonadales;Other	0.0	0.0	0.0	0.0	0.0	0.0	0.0	0.0	0.0	0.0	0.0	0.0	0.0	24.0	0.0	0.0	0.0	0.0	0.0	0.0	0.0	0.0	0.0	0.0	0.0	0.0	0.0	0.0	0.0	0.0	0.0	0.0	0.0	0.0	0.0	0.0	0.0	0.0	3.0	0.0	0.0	0.0	0.0	0.0	0.0	0.0	0.0	0.0	0.0	0.0	0.0	0.0	0.0	0.0	0.0	43.0	0.0	44.0	0.0	0.0	0.0	0.0	0.0	0.0	0.0	0.0	0.0	0.0	0.0	0.0	196.0	0.0	0.0	0.0	0.0	0.0	0.0	0.0	0.0	0.0	0.0	60.0	0.0	0.0	0.0	0.0	0.0	0.0
Bacteria;Proteobacteria;Gammaproteobacteria;Xanthomonadales;Unclassified	0.0	0.0	1.0	0.0	0.0	0.0	166.0	0.0	343.0	0.0	4.0	0.0	182.0	1.0	0.0	0.0	90.0	0.0	0.0	0.0	0.0	0.0	1.0	0.0	0.0	0.0	0.0	0.0	0.0	0.0	0.0	0.0	0.0	0.0	2.0	0.0	54.0	263.0	8.0	0.0	0.0	320.0	1.0	0.0	702.0	0.0	179.0	136.0	0.0	0.0	0.0	57.0	0.0	0.0	0.0	0.0	1.0	0.0	0.0	0.0	2.0	0.0	153.0	47.0	267.0	0.0	5.0	2.0	0.0	0.0	60.0	0.0	73.0	0.0	0.0	0.0	0.0	0.0	0.0	0.0	0.0	0.0	6.0	0.0	0.0	0.0	0.0	146.0
Bacteria;Proteobacteria;Gammaproteobacteria;Xanthomonadales;Xanthomonadaceae	45.0	15.0	0.0	116.0	0.0	23.0	22.0	382.0	0.0	388.0	47.0	5.0	3805.0	261.0	0.0	62.0	43.0	5.0	74.0	64.0	0.0	390.0	40.0	56.0	0.0	42.0	0.0	201.0	44.0	122.0	459.0	581.0	28.0	439.0	3.0	11.0	82.0	54.0	122.0	12.0	232.0	465.0	24.0	171.0	1.0	0.0	76.0	126.0	27.0	198.0	136.0	0.0	83.0	15.0	49.0	220.0	181.0	32.0	60.0	1.0	46.0	112.0	1.0	130.0	0.0	1.0	0.0	544.0	38.0	62.0	4.0	0.0	260.0	437.0	335.0	46.0	42.0	212.0	0.0	138.0	0.0	48.0	1.0	308.0	0.0	0.0	55.0	105.0
Bacteria;Proteobacteria;Other;Other;Other	0.0	0.0	0.0	0.0	0.0	0.0	0.0	0.0	0.0	0.0	0.0	0.0	0.0	0.0	0.0	0.0	0.0	0.0	0.0	0.0	0.0	0.0	0.0	0.0	0.0	0.0	0.0	0.0	0.0	0.0	0.0	0.0	0.0	0.0	0.0	0.0	0.0	0.0	0.0	0.0	0.0	0.0	0.0	0.0	0.0	0.0	0.0	0.0	4.0	0.0	0.0	0.0	0.0	0.0	0.0	0.0	0.0	0.0	0.0	0.0	0.0	0.0	0.0	0.0	0.0	0.0	0.0	0.0	0.0	14.0	0.0	0.0	0.0	0.0	0.0	0.0	0.0	0.0	0.0	0.0	0.0	0.0	0.0	0.0	0.0	0.0	0.0	0.0
Bacteria;Spirochaetes;Unclassified;Spirochaetales;Spirochaetaceae	0.0	0.0	0.0	0.0	0.0	0.0	0.0	0.0	0.0	0.0	0.0	5.0	0.0	0.0	0.0	0.0	0.0	0.0	0.0	0.0	0.0	0.0	0.0	0.0	0.0	0.0	0.0	0.0	0.0	3.0	0.0	0.0	0.0	0.0	0.0	0.0	0.0	7.0	0.0	0.0	0.0	0.0	0.0	1.0	0.0	0.0	0.0	0.0	0.0	0.0	0.0	0.0	0.0	0.0	0.0	0.0	0.0	0.0	0.0	0.0	0.0	0.0	0.0	0.0	0.0	0.0	0.0	0.0	0.0	0.0	0.0	0.0	0.0	0.0	0.0	0.0	0.0	0.0	0.0	0.0	0.0	0.0	0.0	0.0	0.0	0.0	0.0	0.0
Bacteria;Synergistetes;Synergistia;Synergistales;Synergistaceae	535.0	0.0	0.0	367.0	0.0	0.0	0.0	105.0	0.0	0.0	0.0	11.0	13.0	1.0	2.0	1.0	0.0	408.0	1.0	0.0	0.0	106.0	380.0	426.0	0.0	1.0	0.0	0.0	247.0	146.0	0.0	184.0	285.0	150.0	1.0	698.0	304.0	0.0	485.0	2.0	237.0	50.0	50.0	87.0	0.0	0.0	0.0	0.0	90.0	0.0	315.0	0.0	0.0	210.0	148.0	107.0	125.0	312.0	1.0	90.0	863.0	635.0	0.0	76.0	1122.0	2.0	54.0	0.0	152.0	2.0	100.0	0.0	521.0	443.0	421.0	56.0	205.0	0.0	0.0	333.0	187.0	488.0	0.0	126.0	0.0	0.0	0.0	0.0
Bacteria;Tenericutes;Mollicutes;Haloplasmatales;Haloplasmataceae	0.0	0.0	0.0	0.0	0.0	0.0	0.0	0.0	0.0	0.0	0.0	0.0	0.0	112.0	0.0	0.0	0.0	0.0	0.0	0.0	0.0	0.0	0.0	0.0	0.0	0.0	0.0	0.0	0.0	0.0	0.0	0.0	0.0	0.0	0.0	0.0	0.0	0.0	0.0	0.0	0.0	0.0	0.0	0.0	0.0	0.0	0.0	0.0	0.0	0.0	0.0	0.0	0.0	0.0	0.0	0.0	0.0	0.0	4.0	0.0	0.0	0.0	0.0	0.0	0.0	0.0	0.0	0.0	0.0	0.0	0.0	0.0	0.0	0.0	0.0	0.0	0.0	0.0	0.0	0.0	0.0	0.0	0.0	0.0	0.0	0.0	16.0	0.0
Bacteria;Tenericutes;Mollicutes;Other;Other	0.0	0.0	297.0	0.0	0.0	0.0	293.0	0.0	4.0	128.0	0.0	44.0	0.0	27.0	0.0	0.0	4.0	0.0	0.0	0.0	0.0	0.0	0.0	0.0	0.0	0.0	288.0	66.0	0.0	0.0	0.0	0.0	0.0	0.0	1.0	0.0	8.0	0.0	0.0	1.0	44.0	0.0	8.0	140.0	0.0	0.0	0.0	0.0	0.0	0.0	37.0	0.0	0.0	6.0	0.0	0.0	167.0	0.0	0.0	0.0	0.0	0.0	0.0	22.0	0.0	0.0	0.0	0.0	79.0	0.0	30.0	0.0	3.0	0.0	0.0	0.0	0.0	0.0	0.0	0.0	0.0	0.0	0.0	1.0	0.0	0.0	0.0	0.0
Bacteria;Unclassified;Unclassified;Unclassified;Unclassified	0.0	0.0	1.0	8.0	53.0	1.0	259.0	0.0	0.0	2.0	2.0	0.0	0.0	0.0	338.0	543.0	0.0	0.0	0.0	0.0	0.0	0.0	0.0	0.0	2.0	0.0	0.0	0.0	1.0	0.0	0.0	0.0	0.0	12.0	10.0	0.0	0.0	0.0	54.0	0.0	6.0	1182.0	0.0	2.0	0.0	168.0	0.0	0.0	30.0	0.0	47.0	4.0	1.0	45.0	0.0	0.0	1.0	0.0	0.0	0.0	1.0	12.0	0.0	1.0	1.0	1.0	33.0	0.0	18.0	1.0	0.0	0.0	12.0	0.0	50.0	0.0	0.0	0.0	49.0	0.0	189.0	2.0	0.0	0.0	469.0	311.0	0.0	0.0
Bacteria;Verrucomicrobia;Other;Other;Other	0.0	0.0	0.0	0.0	0.0	0.0	0.0	0.0	0.0	0.0	0.0	0.0	0.0	0.0	0.0	0.0	0.0	0.0	0.0	0.0	0.0	3.0	0.0	0.0	0.0	0.0	0.0	0.0	0.0	0.0	0.0	0.0	0.0	0.0	0.0	0.0	0.0	0.0	0.0	0.0	0.0	0.0	0.0	0.0	0.0	0.0	0.0	0.0	0.0	0.0	0.0	0.0	0.0	0.0	0.0	0.0	0.0	0.0	0.0	0.0	0.0	0.0	0.0	0.0	0.0	0.0	0.0	0.0	0.0	0.0	0.0	0.0	0.0	0.0	0.0	0.0	0.0	0.0	0.0	0.0	0.0	0.0	0.0	0.0	0.0	0.0	0.0	0.0
Bacteria;Verrucomicrobia;Spartobacteria;Unclassified;Unclassified	0.0	11.0	0.0	0.0	0.0	0.0	0.0	53.0	0.0	0.0	0.0	0.0	0.0	0.0	0.0	0.0	0.0	0.0	0.0	0.0	0.0	0.0	0.0	0.0	0.0	0.0	0.0	0.0	0.0	0.0	7.0	0.0	0.0	0.0	0.0	0.0	0.0	0.0	0.0	0.0	0.0	0.0	0.0	0.0	0.0	0.0	0.0	0.0	0.0	0.0	0.0	0.0	0.0	0.0	0.0	0.0	0.0	0.0	0.0	0.0	0.0	0.0	0.0	0.0	0.0	0.0	0.0	0.0	0.0	0.0	0.0	0.0	0.0	0.0	0.0	0.0	0.0	0.0	0.0	0.0	0.0	0.0	0.0	0.0	0.0	0.0	0.0	0.0
Bacteria;Verrucomicrobia;Verrucomicrobiae;Verrucomicrobiales;Verrucomicrobiaceae	0.0	0.0	0.0	0.0	0.0	0.0	0.0	0.0	0.0	0.0	12.0	3.0	2.0	0.0	0.0	1.0	0.0	0.0	0.0	0.0	0.0	1.0	0.0	3.0	1.0	0.0	2.0	0.0	0.0	0.0	0.0	0.0	0.0	0.0	17.0	0.0	0.0	0.0	2.0	0.0	9.0	0.0	4.0	0.0	0.0	0.0	0.0	0.0	0.0	0.0	1.0	0.0	1.0	0.0	0.0	0.0	22.0	0.0	15.0	0.0	0.0	0.0	2.0	44.0	0.0	0.0	27.0	0.0	17.0	0.0	5.0	0.0	1.0	0.0	1.0	0.0	0.0	1.0	0.0	0.0	0.0	1.0	0.0	0.0	92.0	1.0	45.0	22.0
