Taxon	H18676	1417.16	H19192	602.16	H18266	H18112	H19465A	1153.13	H19457A	1303.15	H657.17	H19259	1331.14	H19521A	H18788A	H192472A	1553.15	H19485A	H18398	950.13	H18910	1066.13	H18442	1069.14	H19142	H15.17	H617.17	H18362	888.16	1637.15	H19497A	H18128	1388.15	725.16	H18421	H18696	1134.15	H18388	1624.12	1093.13	H18786A	H13.17	250.16	H420.17	H18816	H658.17	H456.17	1097.16	H18199	H18122	1017.16	H17666A	H17432A	H694.17	H18689A	505.16	H19368	945.13	1045.16	H18828	125.13	172.14	100.16	783.16	H321.17	H18183	1095.16	H1866.18	H19261	H19556A	H18223	H18433	1948.15	856.16	727.16	H470.17	1714.14	H18108	H18598	H315.17	H1892.18	H18335	1659.14	788.16	H18.38	H19238	1529.16	421.13
Bacteria;Acidobacteria;Holophagae	0.0	0.0	0.0	0.0	0.0	0.0	0.0	0.0	0.0	0.0	0.0	0.0	0.0	34.0	0.0	0.0	0.0	0.0	0.0	0.0	0.0	0.0	0.0	0.0	0.0	0.0	0.0	0.0	0.0	0.0	0.0	0.0	0.0	0.0	0.0	0.0	0.0	0.0	0.0	0.0	0.0	0.0	0.0	0.0	0.0	0.0	0.0	0.0	0.0	0.0	0.0	0.0	0.0	0.0	0.0	0.0	0.0	0.0	0.0	0.0	0.0	0.0	0.0	0.0	0.0	0.0	0.0	0.0	0.0	0.0	0.0	0.0	0.0	0.0	0.0	0.0	0.0	0.0	0.0	0.0	0.0	0.0	0.0	0.0	0.0	0.0	0.0	7.0
Bacteria;Acidobacteria;Other	0.0	88.0	0.0	0.0	0.0	0.0	0.0	0.0	0.0	0.0	0.0	0.0	0.0	39.0	0.0	0.0	0.0	0.0	0.0	0.0	0.0	0.0	0.0	0.0	0.0	0.0	0.0	0.0	0.0	0.0	0.0	0.0	0.0	0.0	0.0	0.0	0.0	160.0	0.0	0.0	8.0	0.0	33.0	0.0	0.0	0.0	0.0	0.0	0.0	0.0	0.0	0.0	0.0	0.0	49.0	0.0	0.0	0.0	0.0	0.0	0.0	0.0	0.0	0.0	0.0	0.0	0.0	0.0	0.0	0.0	0.0	0.0	0.0	0.0	0.0	0.0	0.0	0.0	0.0	0.0	0.0	0.0	0.0	0.0	0.0	0.0	0.0	0.0
Bacteria;Acidobacteria;Unclassified	0.0	0.0	0.0	0.0	0.0	0.0	0.0	0.0	0.0	0.0	0.0	0.0	0.0	0.0	100.0	0.0	0.0	0.0	0.0	0.0	0.0	0.0	0.0	0.0	128.0	0.0	0.0	0.0	0.0	0.0	0.0	0.0	0.0	0.0	0.0	0.0	0.0	178.0	0.0	0.0	0.0	0.0	0.0	0.0	0.0	0.0	0.0	0.0	0.0	0.0	0.0	0.0	109.0	0.0	0.0	0.0	0.0	0.0	0.0	0.0	0.0	0.0	0.0	0.0	0.0	0.0	0.0	82.0	3.0	0.0	0.0	0.0	0.0	0.0	0.0	0.0	0.0	0.0	0.0	0.0	0.0	0.0	0.0	0.0	40.0	0.0	0.0	0.0
Bacteria;Actinobacteria;Actinobacteria	5055.0	2974.0	5450.0	5391.0	2865.0	1867.0	2444.0	3353.0	2753.0	5085.0	461.0	442.0	3017.0	4864.0	2252.0	3584.0	2233.0	5624.0	2406.0	2996.0	1999.0	2868.0	1132.0	5592.0	3121.0	22258.0	3065.0	2063.0	4203.0	2826.0	2187.0	3906.0	3617.0	6732.0	1067.0	1234.0	2649.0	3105.0	4566.0	2380.0	7683.0	2574.0	2653.0	4541.0	2256.0	2252.0	3239.0	3737.0	2345.0	1768.0	3220.0	1220.0	1840.0	6390.0	4115.0	1901.0	1153.0	4115.0	2243.0	3304.0	1238.0	5950.0	3970.0	2951.0	3023.0	2244.0	3003.0	1474.0	2596.0	2432.0	2144.0	2040.0	3924.0	6700.0	3070.0	3108.0	1506.0	3774.0	2119.0	6335.0	3204.0	2815.0	6261.0	3211.0	4986.0	1654.0	4170.0	1972.0
Bacteria;Armatimonadetes;Other	0.0	0.0	0.0	0.0	0.0	0.0	0.0	0.0	0.0	0.0	0.0	0.0	0.0	0.0	0.0	0.0	0.0	0.0	0.0	0.0	0.0	0.0	0.0	2.0	0.0	0.0	0.0	0.0	0.0	0.0	0.0	0.0	0.0	0.0	0.0	0.0	0.0	0.0	0.0	0.0	0.0	0.0	0.0	0.0	0.0	0.0	0.0	0.0	0.0	0.0	0.0	0.0	0.0	0.0	0.0	0.0	0.0	0.0	0.0	0.0	0.0	0.0	0.0	0.0	0.0	0.0	0.0	0.0	0.0	0.0	0.0	0.0	0.0	0.0	0.0	0.0	0.0	0.0	0.0	0.0	0.0	0.0	0.0	0.0	0.0	0.0	0.0	0.0
Bacteria;Bacteroidetes;Bacteroidia	5666.0	3843.0	5109.0	2429.0	2113.0	8453.0	3386.0	6757.0	1017.0	4428.0	5944.0	12034.0	1466.0	4998.0	908.0	778.0	3588.0	6203.0	2567.0	3343.0	1798.0	16675.0	4356.0	4481.0	4545.0	1802.0	773.0	955.0	3046.0	2812.0	5106.0	1608.0	4742.0	7654.0	2889.0	1779.0	6175.0	4482.0	6982.0	2003.0	7299.0	1706.0	3869.0	4971.0	1319.0	520.0	4275.0	4632.0	2923.0	1629.0	3734.0	1215.0	615.0	2939.0	1169.0	5463.0	10359.0	5694.0	3289.0	4776.0	4098.0	4717.0	4467.0	5082.0	4544.0	219.0	4478.0	1321.0	12980.0	3453.0	2672.0	3243.0	9383.0	6776.0	9722.0	2216.0	6575.0	1126.0	560.0	9083.0	2439.0	2785.0	3302.0	5260.0	914.0	2453.0	3159.0	1375.0
Bacteria;Bacteroidetes;Cytophagia	60.0	0.0	1.0	0.0	0.0	18.0	120.0	0.0	0.0	0.0	0.0	0.0	0.0	0.0	0.0	228.0	0.0	0.0	5.0	0.0	0.0	0.0	0.0	0.0	0.0	0.0	107.0	0.0	350.0	0.0	166.0	0.0	0.0	0.0	132.0	0.0	19.0	1.0	2.0	37.0	2.0	0.0	37.0	0.0	0.0	181.0	0.0	17.0	0.0	0.0	0.0	0.0	0.0	0.0	0.0	0.0	2.0	206.0	40.0	1.0	34.0	10.0	0.0	0.0	0.0	0.0	0.0	0.0	7.0	7.0	86.0	0.0	90.0	0.0	5.0	0.0	0.0	0.0	32.0	0.0	0.0	0.0	0.0	0.0	0.0	24.0	0.0	0.0
Bacteria;Bacteroidetes;Flavobacteriia	39.0	438.0	18.0	0.0	177.0	558.0	542.0	107.0	168.0	287.0	40.0	2.0	2059.0	2.0	118.0	0.0	29.0	112.0	146.0	21.0	0.0	212.0	6.0	83.0	197.0	207.0	145.0	117.0	0.0	39.0	188.0	34.0	36.0	144.0	0.0	90.0	8.0	0.0	38.0	307.0	319.0	224.0	10.0	0.0	321.0	0.0	153.0	59.0	17.0	71.0	0.0	157.0	272.0	36.0	77.0	38.0	6.0	112.0	1.0	0.0	175.0	1.0	76.0	30.0	185.0	689.0	36.0	1130.0	0.0	109.0	394.0	797.0	291.0	93.0	0.0	0.0	0.0	612.0	0.0	0.0	1120.0	259.0	254.0	156.0	1045.0	0.0	155.0	24.0
Bacteria;Bacteroidetes;Sphingobacteriia	262.0	283.0	1.0	253.0	16.0	5.0	143.0	439.0	479.0	1181.0	107.0	4.0	31050.0	4.0	636.0	330.0	20.0	299.0	13.0	369.0	0.0	128.0	177.0	242.0	334.0	422.0	662.0	17.0	201.0	336.0	476.0	306.0	0.0	321.0	210.0	266.0	93.0	474.0	297.0	446.0	9291.0	126.0	5.0	610.0	241.0	127.0	231.0	319.0	182.0	94.0	45.0	324.0	762.0	376.0	1352.0	48.0	457.0	644.0	13.0	1076.0	0.0	4.0	480.0	204.0	1.0	649.0	23.0	327.0	53.0	199.0	451.0	306.0	51.0	57.0	111.0	118.0	171.0	179.0	1243.0	0.0	103.0	296.0	409.0	476.0	116.0	491.0	202.0	192.0
Bacteria;Chlamydiae;Unclassified	0.0	0.0	0.0	0.0	0.0	0.0	19.0	0.0	0.0	2.0	0.0	0.0	0.0	0.0	0.0	0.0	0.0	0.0	0.0	8.0	0.0	0.0	0.0	67.0	0.0	0.0	0.0	0.0	0.0	10.0	0.0	0.0	0.0	0.0	0.0	0.0	0.0	0.0	1.0	0.0	0.0	0.0	0.0	0.0	0.0	0.0	0.0	0.0	0.0	0.0	19.0	0.0	0.0	0.0	0.0	0.0	0.0	67.0	0.0	0.0	0.0	2.0	0.0	0.0	0.0	0.0	29.0	6.0	0.0	0.0	0.0	0.0	0.0	0.0	0.0	0.0	0.0	0.0	0.0	0.0	0.0	0.0	0.0	0.0	0.0	0.0	69.0	0.0
Bacteria;Chlorobi;Chlorobia	0.0	0.0	0.0	0.0	0.0	0.0	0.0	0.0	0.0	0.0	0.0	0.0	0.0	0.0	0.0	0.0	0.0	0.0	0.0	0.0	0.0	0.0	0.0	0.0	0.0	0.0	0.0	0.0	0.0	0.0	0.0	0.0	0.0	0.0	0.0	0.0	0.0	0.0	0.0	0.0	0.0	0.0	0.0	0.0	0.0	0.0	0.0	0.0	0.0	0.0	0.0	0.0	0.0	0.0	0.0	0.0	0.0	0.0	0.0	225.0	0.0	0.0	0.0	2.0	0.0	0.0	0.0	0.0	0.0	0.0	0.0	0.0	0.0	0.0	0.0	0.0	0.0	0.0	0.0	0.0	0.0	0.0	0.0	0.0	0.0	0.0	0.0	0.0
Bacteria;Chlorobi;Other	0.0	0.0	0.0	0.0	0.0	0.0	0.0	0.0	0.0	0.0	0.0	0.0	0.0	200.0	0.0	0.0	0.0	0.0	0.0	0.0	0.0	0.0	0.0	0.0	0.0	0.0	0.0	0.0	0.0	0.0	0.0	0.0	0.0	0.0	0.0	0.0	0.0	0.0	2.0	0.0	0.0	0.0	0.0	0.0	0.0	0.0	0.0	0.0	0.0	0.0	0.0	0.0	0.0	0.0	0.0	0.0	0.0	0.0	0.0	0.0	0.0	0.0	0.0	0.0	0.0	0.0	0.0	0.0	0.0	0.0	0.0	0.0	0.0	0.0	0.0	0.0	0.0	0.0	0.0	0.0	0.0	0.0	0.0	0.0	0.0	0.0	0.0	0.0
Bacteria;Chloroflexi;Anaerolineae	0.0	0.0	0.0	0.0	0.0	0.0	0.0	0.0	0.0	0.0	0.0	0.0	0.0	0.0	468.0	0.0	0.0	1.0	0.0	0.0	0.0	0.0	0.0	0.0	0.0	0.0	11.0	0.0	9.0	0.0	0.0	0.0	0.0	114.0	0.0	0.0	0.0	0.0	0.0	0.0	3.0	0.0	0.0	0.0	0.0	0.0	0.0	0.0	62.0	0.0	0.0	0.0	0.0	0.0	0.0	0.0	0.0	0.0	0.0	0.0	0.0	3.0	2.0	0.0	0.0	0.0	0.0	0.0	0.0	0.0	0.0	0.0	0.0	0.0	0.0	0.0	0.0	0.0	0.0	0.0	0.0	0.0	0.0	0.0	0.0	0.0	0.0	0.0
Bacteria;Chloroflexi;Caldilineae	0.0	0.0	0.0	0.0	0.0	0.0	0.0	0.0	0.0	0.0	0.0	2.0	0.0	0.0	0.0	0.0	0.0	0.0	0.0	0.0	0.0	0.0	0.0	47.0	0.0	0.0	0.0	0.0	0.0	0.0	0.0	0.0	0.0	0.0	0.0	0.0	0.0	0.0	5.0	0.0	0.0	0.0	0.0	0.0	0.0	0.0	0.0	0.0	0.0	0.0	0.0	0.0	0.0	0.0	0.0	0.0	0.0	0.0	0.0	0.0	0.0	0.0	0.0	0.0	0.0	0.0	0.0	0.0	0.0	90.0	0.0	0.0	0.0	0.0	0.0	0.0	0.0	0.0	0.0	0.0	0.0	0.0	0.0	0.0	0.0	0.0	0.0	0.0
Bacteria;Chloroflexi;Chloroflexia	0.0	0.0	0.0	0.0	0.0	0.0	0.0	0.0	0.0	0.0	0.0	0.0	0.0	0.0	0.0	0.0	0.0	0.0	0.0	0.0	37.0	0.0	0.0	0.0	0.0	0.0	0.0	0.0	0.0	0.0	0.0	0.0	0.0	0.0	0.0	0.0	0.0	0.0	0.0	0.0	0.0	0.0	0.0	0.0	0.0	0.0	0.0	0.0	0.0	0.0	0.0	0.0	0.0	0.0	0.0	0.0	0.0	0.0	0.0	0.0	0.0	0.0	0.0	0.0	0.0	0.0	0.0	0.0	0.0	0.0	0.0	0.0	0.0	0.0	0.0	0.0	0.0	0.0	0.0	0.0	0.0	0.0	0.0	0.0	12.0	0.0	0.0	0.0
Bacteria;Chloroflexi;Other	0.0	0.0	0.0	0.0	0.0	0.0	0.0	0.0	0.0	0.0	74.0	0.0	0.0	0.0	0.0	0.0	0.0	0.0	0.0	0.0	0.0	0.0	0.0	0.0	0.0	0.0	0.0	0.0	0.0	0.0	0.0	0.0	0.0	0.0	0.0	0.0	0.0	0.0	0.0	0.0	0.0	0.0	0.0	0.0	0.0	0.0	0.0	1.0	0.0	0.0	0.0	0.0	0.0	0.0	0.0	0.0	0.0	0.0	0.0	0.0	0.0	0.0	0.0	0.0	0.0	1.0	0.0	0.0	0.0	0.0	0.0	65.0	0.0	0.0	0.0	0.0	0.0	0.0	475.0	0.0	0.0	0.0	0.0	43.0	0.0	0.0	0.0	0.0
Bacteria;Chloroflexi;Thermomicrobia	0.0	0.0	556.0	0.0	0.0	0.0	0.0	128.0	0.0	1008.0	0.0	2.0	15.0	0.0	0.0	0.0	3.0	1.0	1.0	0.0	0.0	0.0	0.0	0.0	0.0	182.0	0.0	0.0	0.0	178.0	0.0	0.0	0.0	0.0	0.0	0.0	0.0	0.0	172.0	26.0	1221.0	0.0	0.0	0.0	0.0	0.0	0.0	0.0	0.0	0.0	0.0	0.0	0.0	178.0	64.0	0.0	0.0	170.0	0.0	0.0	0.0	8.0	56.0	0.0	0.0	1.0	75.0	0.0	0.0	0.0	0.0	1.0	0.0	0.0	62.0	0.0	0.0	0.0	0.0	0.0	1.0	0.0	2.0	0.0	0.0	0.0	306.0	259.0
Bacteria;Chloroflexi;Unclassified	0.0	0.0	0.0	0.0	0.0	0.0	0.0	0.0	0.0	0.0	0.0	0.0	0.0	0.0	0.0	0.0	0.0	0.0	0.0	0.0	0.0	0.0	0.0	0.0	0.0	0.0	0.0	0.0	0.0	0.0	0.0	0.0	2.0	0.0	0.0	0.0	0.0	0.0	0.0	0.0	0.0	0.0	0.0	0.0	0.0	0.0	0.0	0.0	0.0	0.0	0.0	0.0	0.0	0.0	0.0	0.0	0.0	0.0	0.0	0.0	0.0	0.0	0.0	0.0	0.0	0.0	0.0	0.0	0.0	0.0	0.0	0.0	0.0	0.0	0.0	0.0	0.0	0.0	0.0	0.0	0.0	0.0	0.0	0.0	0.0	0.0	0.0	0.0
Bacteria;Cyanobacteria;Other	1294.0	511.0	510.0	521.0	835.0	98.0	1406.0	0.0	457.0	132.0	140.0	0.0	43.0	314.0	32.0	1090.0	170.0	1158.0	0.0	601.0	204.0	168.0	11545.0	72.0	33.0	533.0	216.0	7945.0	110.0	329.0	9.0	582.0	1370.0	1109.0	79.0	614.0	970.0	789.0	485.0	328.0	223.0	69.0	23.0	1993.0	216.0	0.0	322.0	201.0	60.0	1058.0	324.0	1.0	1375.0	3.0	236.0	11.0	4.0	51.0	71.0	1595.0	247.0	0.0	229.0	248.0	41.0	964.0	72.0	594.0	99.0	126.0	115.0	611.0	373.0	282.0	0.0	111.0	267.0	542.0	46.0	5.0	0.0	157.0	0.0	607.0	4807.0	0.0	4136.0	83.0
Bacteria;Cyanobacteria;Unclassified	0.0	0.0	115.0	89.0	0.0	0.0	487.0	0.0	0.0	303.0	0.0	4.0	0.0	4.0	184.0	190.0	12.0	181.0	2.0	35.0	0.0	213.0	0.0	3.0	77.0	8.0	0.0	190.0	7.0	0.0	384.0	174.0	783.0	0.0	139.0	427.0	112.0	47.0	331.0	43.0	3.0	70.0	16.0	1.0	0.0	0.0	32.0	68.0	32.0	1.0	11.0	0.0	120.0	1.0	51.0	0.0	6.0	63.0	34.0	141.0	0.0	0.0	125.0	94.0	13.0	1.0	0.0	1.0	9.0	179.0	0.0	15.0	0.0	500.0	0.0	0.0	0.0	0.0	0.0	0.0	0.0	0.0	0.0	4.0	0.0	322.0	0.0	12.0
Bacteria;Deinococcus-Thermus;Deinococci	0.0	152.0	0.0	102.0	0.0	0.0	95.0	0.0	350.0	0.0	0.0	0.0	0.0	3.0	10.0	0.0	2.0	59.0	0.0	1.0	2.0	0.0	4.0	67.0	1163.0	67.0	0.0	0.0	0.0	0.0	0.0	42.0	0.0	129.0	0.0	0.0	0.0	0.0	120.0	0.0	0.0	0.0	0.0	0.0	0.0	192.0	64.0	275.0	0.0	0.0	31.0	0.0	105.0	0.0	13.0	0.0	0.0	3.0	0.0	0.0	0.0	15.0	0.0	0.0	0.0	0.0	0.0	122.0	13.0	0.0	13.0	1092.0	140.0	0.0	0.0	0.0	0.0	0.0	233.0	0.0	1956.0	110.0	0.0	591.0	0.0	0.0	0.0	317.0
Bacteria;Elusimicrobia;Elusimicrobia	0.0	0.0	0.0	0.0	4.0	0.0	0.0	0.0	0.0	0.0	0.0	0.0	0.0	0.0	0.0	0.0	0.0	0.0	0.0	0.0	0.0	0.0	0.0	0.0	0.0	1.0	0.0	0.0	0.0	0.0	0.0	0.0	0.0	0.0	0.0	0.0	5.0	0.0	0.0	0.0	0.0	0.0	0.0	0.0	0.0	0.0	0.0	0.0	0.0	0.0	0.0	0.0	0.0	0.0	4.0	0.0	0.0	0.0	0.0	0.0	0.0	0.0	0.0	0.0	0.0	0.0	0.0	0.0	0.0	0.0	0.0	20.0	0.0	252.0	0.0	0.0	0.0	0.0	0.0	0.0	0.0	0.0	0.0	5.0	0.0	0.0	0.0	0.0
Bacteria;Firmicutes;Bacilli	712.0	1610.0	1248.0	1936.0	680.0	754.0	89.0	1697.0	2274.0	1718.0	336.0	1274.0	1116.0	1942.0	1080.0	2557.0	757.0	334.0	1001.0	1262.0	386.0	1591.0	689.0	1826.0	477.0	6653.0	743.0	1281.0	1418.0	812.0	3236.0	1333.0	2403.0	3629.0	1099.0	1149.0	1118.0	814.0	2187.0	1297.0	4628.0	655.0	676.0	1058.0	542.0	512.0	1189.0	1920.0	389.0	957.0	2170.0	1990.0	1832.0	1246.0	2987.0	1073.0	1592.0	1761.0	738.0	1153.0	1070.0	209.0	1649.0	2552.0	233.0	528.0	1254.0	732.0	1463.0	966.0	1260.0	1125.0	2929.0	1574.0	604.0	1110.0	773.0	1314.0	304.0	346.0	340.0	2435.0	406.0	1471.0	3103.0	417.0	7037.0	873.0
Bacteria;Firmicutes;Clostridia	7166.0	22217.0	27464.0	27395.0	29160.0	3482.0	6820.0	16515.0	7214.0	11733.0	2652.0	54074.0	6485.0	23257.0	6696.0	10444.0	35871.0	15963.0	32158.0	14565.0	17706.0	4886.0	13921.0	22297.0	15246.0	4817.0	8574.0	22618.0	5847.0	27638.0	20220.0	8310.0	25913.0	15828.0	42006.0	10778.0	23107.0	14186.0	17665.0	14477.0	6059.0	12213.0	37134.0	13160.0	8644.0	3969.0	14710.0	15805.0	41285.0	21104.0	30819.0	10749.0	2747.0	10091.0	17246.0	33696.0	35358.0	26125.0	31709.0	19153.0	11348.0	3134.0	10615.0	21707.0	6010.0	3552.0	34486.0	5836.0	34660.0	22365.0	35199.0	11921.0	17306.0	22417.0	2558.0	13759.0	17819.0	6027.0	20146.0	4668.0	16524.0	14265.0	39161.0	25159.0	3798.0	6406.0	23909.0	8358.0
Bacteria;Firmicutes;Erysipelotrichia	363.0	1080.0	1140.0	653.0	1682.0	398.0	477.0	924.0	277.0	325.0	77.0	1740.0	365.0	426.0	138.0	1.0	1732.0	765.0	1633.0	1250.0	537.0	84.0	618.0	1044.0	677.0	619.0	49.0	457.0	450.0	897.0	1326.0	167.0	1507.0	1583.0	365.0	601.0	1133.0	775.0	729.0	380.0	302.0	788.0	1225.0	812.0	1270.0	299.0	422.0	806.0	1005.0	738.0	975.0	233.0	202.0	359.0	87.0	1192.0	992.0	736.0	1305.0	579.0	813.0	189.0	466.0	807.0	267.0	170.0	1254.0	202.0	932.0	977.0	357.0	677.0	790.0	763.0	223.0	757.0	718.0	63.0	676.0	840.0	371.0	376.0	2440.0	1723.0	21.0	751.0	1081.0	699.0
Bacteria;Firmicutes;Negativicutes	8646.0	2486.0	6980.0	1986.0	1350.0	3346.0	2209.0	5098.0	1283.0	6201.0	903.0	2504.0	978.0	3771.0	931.0	515.0	1487.0	3281.0	3806.0	5397.0	710.0	18428.0	5546.0	7330.0	4981.0	1440.0	1168.0	2251.0	10503.0	1413.0	4221.0	3694.0	2529.0	7069.0	2605.0	3790.0	1895.0	3686.0	6786.0	1093.0	9619.0	4418.0	2406.0	2436.0	796.0	1924.0	4097.0	2665.0	2774.0	4636.0	3766.0	3896.0	3119.0	3851.0	2817.0	2274.0	3726.0	4554.0	2008.0	1413.0	4761.0	53486.0	4531.0	5674.0	6664.0	1002.0	1810.0	914.0	4464.0	2361.0	3290.0	1063.0	4364.0	10169.0	38715.0	820.0	6303.0	1489.0	777.0	32085.0	5090.0	3557.0	2241.0	6498.0	6045.0	2704.0	2825.0	8349.0
Bacteria;Firmicutes;Other	0.0	0.0	0.0	0.0	0.0	0.0	0.0	116.0	0.0	146.0	0.0	2.0	140.0	3.0	432.0	0.0	0.0	3.0	3.0	151.0	0.0	40.0	0.0	143.0	0.0	1.0	0.0	0.0	0.0	0.0	0.0	0.0	0.0	277.0	80.0	0.0	0.0	696.0	453.0	0.0	194.0	0.0	0.0	242.0	2.0	0.0	83.0	126.0	1.0	0.0	0.0	0.0	0.0	0.0	291.0	0.0	12.0	356.0	0.0	97.0	0.0	2.0	1.0	2.0	0.0	2.0	0.0	1.0	98.0	167.0	186.0	0.0	209.0	298.0	61.0	0.0	71.0	14.0	0.0	0.0	1.0	64.0	0.0	88.0	0.0	0.0	55.0	0.0
Bacteria;Fusobacteria;Fusobacteriia	0.0	0.0	0.0	0.0	0.0	0.0	0.0	0.0	0.0	0.0	197.0	42.0	19.0	6.0	24.0	0.0	19.0	0.0	12.0	0.0	0.0	0.0	0.0	0.0	0.0	0.0	0.0	0.0	2.0	20.0	0.0	0.0	36.0	0.0	0.0	0.0	0.0	593.0	0.0	0.0	2.0	0.0	32.0	0.0	2.0	0.0	0.0	530.0	1.0	0.0	6.0	310.0	0.0	17.0	26.0	0.0	12.0	4.0	3.0	0.0	1.0	0.0	94.0	0.0	0.0	0.0	33.0	0.0	1.0	5.0	0.0	0.0	3.0	0.0	0.0	0.0	0.0	0.0	0.0	0.0	0.0	44.0	14.0	0.0	0.0	0.0	0.0	0.0
Bacteria;Gemmatimonadetes;Gemmatimonadetes	123.0	0.0	1.0	0.0	0.0	0.0	226.0	158.0	490.0	50.0	0.0	4.0	643.0	0.0	0.0	0.0	22.0	0.0	0.0	0.0	0.0	0.0	17.0	181.0	0.0	6.0	0.0	0.0	96.0	0.0	0.0	0.0	0.0	11.0	0.0	0.0	0.0	0.0	117.0	0.0	711.0	0.0	2.0	0.0	0.0	0.0	0.0	0.0	5.0	0.0	47.0	94.0	0.0	60.0	109.0	0.0	9.0	0.0	0.0	0.0	0.0	4.0	326.0	0.0	0.0	1.0	0.0	16.0	0.0	19.0	0.0	0.0	7.0	19.0	78.0	0.0	2.0	0.0	0.0	0.0	0.0	0.0	108.0	178.0	0.0	0.0	211.0	0.0
Bacteria;Nitrospirae;Nitrospira	0.0	0.0	0.0	0.0	0.0	0.0	289.0	0.0	2.0	0.0	0.0	0.0	0.0	60.0	0.0	0.0	0.0	0.0	0.0	0.0	0.0	0.0	0.0	0.0	0.0	0.0	186.0	0.0	0.0	0.0	0.0	0.0	0.0	0.0	0.0	0.0	0.0	0.0	1.0	0.0	0.0	0.0	0.0	0.0	0.0	0.0	0.0	0.0	0.0	0.0	0.0	0.0	0.0	0.0	0.0	0.0	0.0	0.0	0.0	0.0	0.0	0.0	0.0	0.0	0.0	0.0	0.0	0.0	0.0	0.0	0.0	0.0	0.0	0.0	0.0	0.0	0.0	0.0	0.0	0.0	0.0	0.0	0.0	0.0	0.0	0.0	0.0	0.0
Bacteria;Other;Other	0.0	173.0	1.0	351.0	548.0	0.0	410.0	428.0	133.0	268.0	24.0	5.0	13.0	5.0	613.0	395.0	59.0	47.0	308.0	24.0	40.0	75.0	305.0	444.0	493.0	0.0	411.0	70.0	0.0	103.0	309.0	0.0	0.0	359.0	5.0	0.0	0.0	1.0	47.0	357.0	9.0	452.0	4.0	100.0	3.0	0.0	775.0	504.0	18.0	82.0	0.0	43.0	303.0	177.0	9.0	103.0	13.0	250.0	134.0	90.0	0.0	4.0	141.0	0.0	7.0	313.0	0.0	127.0	4.0	9.0	111.0	47.0	247.0	0.0	37.0	213.0	1.0	791.0	220.0	0.0	938.0	0.0	197.0	9.0	0.0	0.0	195.0	821.0
Bacteria;Planctomycetes;Other	0.0	0.0	0.0	0.0	0.0	0.0	0.0	0.0	0.0	0.0	0.0	0.0	6.0	0.0	0.0	0.0	0.0	0.0	0.0	0.0	0.0	0.0	0.0	0.0	0.0	0.0	0.0	0.0	0.0	0.0	0.0	0.0	0.0	0.0	0.0	0.0	0.0	0.0	0.0	0.0	0.0	0.0	0.0	0.0	0.0	0.0	0.0	0.0	0.0	0.0	0.0	0.0	0.0	0.0	0.0	0.0	0.0	0.0	0.0	0.0	0.0	0.0	0.0	0.0	0.0	0.0	0.0	0.0	0.0	0.0	0.0	0.0	0.0	0.0	0.0	0.0	0.0	0.0	0.0	0.0	0.0	0.0	0.0	0.0	0.0	0.0	0.0	0.0
Bacteria;Planctomycetes;Phycisphaerae	0.0	0.0	0.0	0.0	0.0	0.0	0.0	0.0	0.0	0.0	0.0	0.0	0.0	0.0	113.0	0.0	0.0	173.0	0.0	0.0	0.0	0.0	0.0	0.0	0.0	0.0	0.0	0.0	0.0	0.0	0.0	0.0	0.0	0.0	0.0	0.0	0.0	0.0	0.0	0.0	0.0	0.0	2.0	0.0	0.0	0.0	0.0	0.0	0.0	0.0	0.0	0.0	0.0	0.0	0.0	0.0	0.0	0.0	0.0	0.0	0.0	0.0	0.0	0.0	0.0	0.0	22.0	0.0	0.0	0.0	0.0	0.0	0.0	0.0	0.0	0.0	0.0	0.0	0.0	0.0	0.0	0.0	0.0	0.0	0.0	0.0	0.0	0.0
Bacteria;Planctomycetes;Unclassified	0.0	0.0	0.0	0.0	0.0	0.0	0.0	0.0	0.0	0.0	0.0	0.0	0.0	258.0	0.0	0.0	0.0	0.0	0.0	0.0	0.0	0.0	0.0	0.0	0.0	0.0	0.0	0.0	0.0	0.0	0.0	0.0	0.0	0.0	0.0	0.0	0.0	0.0	1.0	0.0	2.0	0.0	0.0	0.0	0.0	0.0	0.0	0.0	0.0	0.0	0.0	0.0	0.0	0.0	0.0	0.0	0.0	0.0	0.0	0.0	0.0	0.0	0.0	0.0	0.0	0.0	0.0	0.0	0.0	0.0	0.0	0.0	0.0	0.0	0.0	0.0	0.0	0.0	0.0	0.0	0.0	0.0	0.0	0.0	0.0	0.0	0.0	0.0
Bacteria;Proteobacteria;Alphaproteobacteria	12773.0	16030.0	15774.0	8349.0	16794.0	30971.0	21211.0	10193.0	15895.0	15379.0	48710.0	323.0	3330.0	9162.0	27499.0	17874.0	1873.0	12524.0	8720.0	12814.0	13567.0	7966.0	7148.0	9240.0	13315.0	4625.0	26942.0	7498.0	11473.0	5339.0	12863.0	12055.0	5598.0	9147.0	4245.0	12394.0	6375.0	11070.0	11312.0	13745.0	6208.0	19760.0	1570.0	12515.0	29467.0	26500.0	15940.0	15545.0	2394.0	12715.0	5597.0	16910.0	19042.0	12909.0	7409.0	4497.0	629.0	6526.0	2276.0	9421.0	18850.0	680.0	15755.0	7372.0	26026.0	27075.0	3651.0	14498.0	692.0	9233.0	9868.0	15214.0	6668.0	10747.0	2456.0	20331.0	7112.0	27436.0	16258.0	3144.0	17081.0	16268.0	11031.0	8226.0	21478.0	20336.0	8065.0	14478.0
Bacteria;Proteobacteria;Betaproteobacteria	5960.0	5610.0	5106.0	2387.0	6442.0	4388.0	11969.0	4635.0	8718.0	6563.0	651.0	268.0	16425.0	4331.0	6045.0	4508.0	941.0	3572.0	3031.0	4698.0	10499.0	3175.0	3812.0	2881.0	8528.0	2077.0	10267.0	3330.0	5945.0	3263.0	4030.0	6831.0	3123.0	3229.0	2676.0	6019.0	2311.0	6852.0	3921.0	17151.0	8182.0	7583.0	594.0	5204.0	6645.0	8792.0	8257.0	5054.0	1067.0	5751.0	1852.0	5824.0	7417.0	7604.0	2566.0	2707.0	436.0	2703.0	1633.0	4905.0	8080.0	542.0	5427.0	4054.0	8239.0	10620.0	1409.0	3601.0	386.0	4682.0	3303.0	8163.0	3098.0	4555.0	1556.0	7917.0	2061.0	13082.0	7225.0	2019.0	3946.0	6943.0	4421.0	2798.0	11779.0	10152.0	3991.0	5912.0
Bacteria;Proteobacteria;Deltaproteobacteria	677.0	1019.0	364.0	206.0	911.0	527.0	956.0	632.0	466.0	399.0	92.0	57.0	34.0	782.0	669.0	161.0	77.0	324.0	163.0	428.0	758.0	522.0	319.0	375.0	224.0	375.0	877.0	17.0	474.0	8.0	15.0	358.0	126.0	162.0	114.0	296.0	687.0	538.0	308.0	1422.0	161.0	31.0	56.0	195.0	202.0	1720.0	582.0	410.0	199.0	499.0	353.0	367.0	185.0	664.0	441.0	153.0	50.0	262.0	32.0	62.0	464.0	649.0	372.0	619.0	785.0	1513.0	149.0	190.0	117.0	413.0	390.0	57.0	437.0	181.0	1054.0	521.0	119.0	616.0	189.0	250.0	472.0	33.0	220.0	119.0	632.0	442.0	278.0	247.0
Bacteria;Proteobacteria;Epsilonproteobacteria	1.0	0.0	1.0	1.0	0.0	1.0	0.0	0.0	2.0	0.0	11.0	2.0	0.0	1.0	0.0	0.0	0.0	0.0	0.0	0.0	0.0	1.0	0.0	2.0	0.0	1.0	0.0	1.0	0.0	1.0	0.0	0.0	0.0	0.0	7.0	0.0	0.0	0.0	0.0	0.0	1.0	0.0	0.0	0.0	0.0	0.0	0.0	0.0	0.0	0.0	0.0	4.0	0.0	0.0	2.0	0.0	2.0	1.0	0.0	0.0	0.0	0.0	0.0	1.0	0.0	1.0	0.0	0.0	0.0	0.0	1.0	1.0	5.0	0.0	0.0	0.0	0.0	0.0	0.0	3.0	0.0	1.0	0.0	0.0	0.0	1.0	0.0	0.0
Bacteria;Proteobacteria;Gammaproteobacteria	4850.0	8437.0	7263.0	7692.0	9713.0	4733.0	6453.0	5765.0	7408.0	6543.0	1499.0	619.0	4872.0	5102.0	11031.0	17266.0	3288.0	4769.0	4163.0	5329.0	6808.0	2963.0	2657.0	4012.0	5225.0	6889.0	8793.0	6356.0	5009.0	5924.0	5630.0	5777.0	3883.0	6214.0	2032.0	9350.0	3284.0	5404.0	5070.0	7393.0	1209.0	6816.0	3484.0	3676.0	10189.0	10518.0	6369.0	6481.0	3810.0	7026.0	3768.0	6822.0	10422.0	6584.0	2880.0	3005.0	1116.0	1947.0	10391.0	7293.0	3966.0	2089.0	5812.0	5084.0	7849.0	12639.0	2954.0	20373.0	904.0	2858.0	3343.0	7358.0	3030.0	3897.0	3604.0	9629.0	3052.0	7726.0	25547.0	2730.0	3388.0	4619.0	5834.0	3189.0	5611.0	7855.0	5532.0	20776.0
Bacteria;Proteobacteria;Other	0.0	0.0	0.0	0.0	0.0	0.0	0.0	0.0	0.0	0.0	0.0	0.0	0.0	0.0	0.0	0.0	0.0	0.0	0.0	0.0	0.0	0.0	0.0	0.0	0.0	0.0	0.0	0.0	0.0	0.0	0.0	0.0	0.0	0.0	0.0	0.0	0.0	0.0	0.0	0.0	0.0	0.0	0.0	0.0	0.0	0.0	0.0	0.0	4.0	0.0	0.0	0.0	0.0	0.0	0.0	0.0	0.0	0.0	0.0	0.0	0.0	0.0	0.0	0.0	0.0	0.0	0.0	0.0	0.0	14.0	0.0	0.0	0.0	0.0	0.0	0.0	0.0	0.0	0.0	0.0	0.0	0.0	0.0	0.0	0.0	0.0	0.0	0.0
Bacteria;Spirochaetes;Unclassified	0.0	0.0	0.0	0.0	0.0	0.0	0.0	0.0	0.0	0.0	0.0	5.0	0.0	0.0	0.0	0.0	0.0	0.0	0.0	0.0	0.0	0.0	0.0	0.0	0.0	0.0	0.0	0.0	0.0	3.0	0.0	0.0	0.0	0.0	0.0	0.0	0.0	7.0	0.0	0.0	0.0	0.0	0.0	1.0	0.0	0.0	0.0	0.0	0.0	0.0	0.0	0.0	0.0	0.0	0.0	0.0	0.0	0.0	0.0	0.0	0.0	0.0	0.0	0.0	0.0	0.0	0.0	0.0	0.0	0.0	0.0	0.0	0.0	0.0	0.0	0.0	0.0	0.0	0.0	0.0	0.0	0.0	0.0	0.0	0.0	0.0	0.0	0.0
Bacteria;Synergistetes;Synergistia	535.0	0.0	0.0	367.0	0.0	0.0	0.0	105.0	0.0	0.0	0.0	11.0	13.0	1.0	2.0	1.0	0.0	408.0	1.0	0.0	0.0	106.0	380.0	426.0	0.0	1.0	0.0	0.0	247.0	146.0	0.0	184.0	285.0	150.0	1.0	698.0	304.0	0.0	485.0	2.0	237.0	50.0	50.0	87.0	0.0	0.0	0.0	0.0	90.0	0.0	315.0	0.0	0.0	210.0	148.0	107.0	125.0	312.0	1.0	90.0	863.0	635.0	0.0	76.0	1122.0	2.0	54.0	0.0	152.0	2.0	100.0	0.0	521.0	443.0	421.0	56.0	205.0	0.0	0.0	333.0	187.0	488.0	0.0	126.0	0.0	0.0	0.0	0.0
Bacteria;Tenericutes;Mollicutes	0.0	0.0	297.0	0.0	0.0	0.0	293.0	0.0	4.0	128.0	0.0	44.0	0.0	139.0	0.0	0.0	4.0	0.0	0.0	0.0	0.0	0.0	0.0	0.0	0.0	0.0	288.0	66.0	0.0	0.0	0.0	0.0	0.0	0.0	1.0	0.0	8.0	0.0	0.0	1.0	44.0	0.0	8.0	140.0	0.0	0.0	0.0	0.0	0.0	0.0	37.0	0.0	0.0	6.0	0.0	0.0	167.0	0.0	4.0	0.0	0.0	0.0	0.0	22.0	0.0	0.0	0.0	0.0	79.0	0.0	30.0	0.0	3.0	0.0	0.0	0.0	0.0	0.0	0.0	0.0	0.0	0.0	0.0	1.0	0.0	0.0	16.0	0.0
Bacteria;Unclassified;Unclassified	0.0	0.0	1.0	8.0	53.0	1.0	259.0	0.0	0.0	2.0	2.0	0.0	0.0	0.0	338.0	543.0	0.0	0.0	0.0	0.0	0.0	0.0	0.0	0.0	2.0	0.0	0.0	0.0	1.0	0.0	0.0	0.0	0.0	12.0	10.0	0.0	0.0	0.0	54.0	0.0	6.0	1182.0	0.0	2.0	0.0	168.0	0.0	0.0	30.0	0.0	47.0	4.0	1.0	45.0	0.0	0.0	1.0	0.0	0.0	0.0	1.0	12.0	0.0	1.0	1.0	1.0	33.0	0.0	18.0	1.0	0.0	0.0	12.0	0.0	50.0	0.0	0.0	0.0	49.0	0.0	189.0	2.0	0.0	0.0	469.0	311.0	0.0	0.0
Bacteria;Verrucomicrobia;Other	0.0	0.0	0.0	0.0	0.0	0.0	0.0	0.0	0.0	0.0	0.0	0.0	0.0	0.0	0.0	0.0	0.0	0.0	0.0	0.0	0.0	3.0	0.0	0.0	0.0	0.0	0.0	0.0	0.0	0.0	0.0	0.0	0.0	0.0	0.0	0.0	0.0	0.0	0.0	0.0	0.0	0.0	0.0	0.0	0.0	0.0	0.0	0.0	0.0	0.0	0.0	0.0	0.0	0.0	0.0	0.0	0.0	0.0	0.0	0.0	0.0	0.0	0.0	0.0	0.0	0.0	0.0	0.0	0.0	0.0	0.0	0.0	0.0	0.0	0.0	0.0	0.0	0.0	0.0	0.0	0.0	0.0	0.0	0.0	0.0	0.0	0.0	0.0
Bacteria;Verrucomicrobia;Spartobacteria	0.0	11.0	0.0	0.0	0.0	0.0	0.0	53.0	0.0	0.0	0.0	0.0	0.0	0.0	0.0	0.0	0.0	0.0	0.0	0.0	0.0	0.0	0.0	0.0	0.0	0.0	0.0	0.0	0.0	0.0	7.0	0.0	0.0	0.0	0.0	0.0	0.0	0.0	0.0	0.0	0.0	0.0	0.0	0.0	0.0	0.0	0.0	0.0	0.0	0.0	0.0	0.0	0.0	0.0	0.0	0.0	0.0	0.0	0.0	0.0	0.0	0.0	0.0	0.0	0.0	0.0	0.0	0.0	0.0	0.0	0.0	0.0	0.0	0.0	0.0	0.0	0.0	0.0	0.0	0.0	0.0	0.0	0.0	0.0	0.0	0.0	0.0	0.0
Bacteria;Verrucomicrobia;Verrucomicrobiae	0.0	0.0	0.0	0.0	0.0	0.0	0.0	0.0	0.0	0.0	12.0	3.0	2.0	0.0	0.0	1.0	0.0	0.0	0.0	0.0	0.0	1.0	0.0	3.0	1.0	0.0	2.0	0.0	0.0	0.0	0.0	0.0	0.0	0.0	17.0	0.0	0.0	0.0	2.0	0.0	9.0	0.0	4.0	0.0	0.0	0.0	0.0	0.0	0.0	0.0	1.0	0.0	1.0	0.0	0.0	0.0	22.0	0.0	15.0	0.0	0.0	0.0	2.0	44.0	0.0	0.0	27.0	0.0	17.0	0.0	5.0	0.0	1.0	0.0	1.0	0.0	0.0	1.0	0.0	0.0	0.0	1.0	0.0	0.0	92.0	1.0	45.0	22.0
